% Universidad de Malaga - ETSI de Telecomunicacion (Spain)
% Date: 2016-06-07_21:28:26
% ID: Subject_19_FALL_lateralFall_3
% Name: Subject_19
% Age: 23
% Height(cm): 163
% Weight(Kg): 93
% Gender: F

% Type of Movement: FALL
% Type of Movement: TRUE
% Description of the movement: lateralFall
% Trial: 3

% Number of Sensors: 4

% Used Smartphone: samsung-samsung-SM-G900F-5.0
% Smartphone's Accelerometer: MPU6500 Acceleration Sensor - Vendor: Invensense
% --> Version: 1
% --> Min - Max Delay: 5000us - 200000us
% --> Maximum Range: 2.0000000329864256 G
% --> Resolution: 6.103515725666582E-5 G

% SensorTag's Accelerometer: MPU-9250 MEMS MotionTracking Device - Invensense
% --> Maximum Range: 16 G
% --> Resolution: 0.00024 G

% MAC Address, Sensor_ID, Position, Device Model
%F4:09:D8:72:64:3A, 0, RIGHTPOCKET, samsung-SM-G900F-5.0
%C4:BE:84:71:A5:02, 2, WAIST, SensorTag
%B0:B4:48:B8:77:03, 4, ANKLE, SensorTag
%C4:BE:84:70:0E:80, 3, WRIST, SensorTag
%C4:BE:84:70:64:8A, 1, CHEST, SensorTag

% Sensor_Type:
% Accelerometer = 0
% Gyroscope = 1
% Magnetometer = 2


% TimeStamp, Sample No, X-Axis, Y-Axis, Z-Axis, Sensor Type, Sensor ID,
183,1,0.187493309378624,-0.9989877939224243,-0.1740050166845322,0,0
183,2,0.1885308623313904,-1.011682629585266,-0.1790097206830978,0,0
183,3,0.1882257014513016,-1.020227313041687,-0.1858454197645187,0,0
183,4,0.1918876767158508,-1.024194359779358,-0.187615379691124,0,0
184,5,0.1960989683866501,-1.028283596038818,-0.1880426108837128,0,0
184,6,0.1962210237979889,-1.026940941810608,-0.189690500497818,0,0
184,7,0.200249195098877,-1.021447896957398,-0.1923149079084396,0,0
184,8,0.204460471868515,-1.015283584594727,-0.1881646662950516,0,0
184,9,0.2076952308416367,-1.007532477378845,-0.1799252182245255,0,0
184,10,0.2129440605640411,-1.000757694244385,-0.1702820062637329,0,0
184,11,0.2197797447443008,-0.9904431104660034,-0.1573430150747299,0,0
184,12,0.2326577007770538,-0.9815934300422669,-0.1436716169118881,0,0
184,13,0.2416295558214188,-0.9739642143249512,-0.1375073045492172,0,0
184,14,0.2441319227218628,-0.9661520123481751,-0.1312208920717239,0,0
184,15,0.2485873103141785,-0.9624289870262146,-0.1253007054328919,0,0
185,16,0.2541413307189941,-0.9624289870262146,-0.1279251128435135,0,0
185,17,0.2579253613948822,-0.9604150056838989,-0.1304884999990463,0,0
185,18,0.2620145678520203,-0.9587060213088989,-0.1418406367301941,0,0
185,19,0.2671413421630859,-0.9609032273292542,-0.1523383110761643,0,0
185,20,0.2698267996311188,-0.9556543827056885,-0.1559392511844635,0,0
185,21,0.2819113433361054,-0.9478421807289124,-0.1528265774250031,0,0
185,22,0.2833761274814606,-0.9371004104614258,-0.1599674373865128,0,0
185,23,0.2816061675548554,-0.9261754751205444,-0.165643498301506,0,0
185,24,0.2773338556289673,-0.9145181179046631,-0.1726012676954269,0,0
185,25,0.2697047293186188,-0.906400740146637,-0.1905449479818344,0,0
185,26,0.2556671500205994,-0.9012129902839661,-0.2158736437559128,0,0
186,27,0.2393103092908859,-0.8981002569198608,-0.2383337765932083,0,0
186,28,0.2215497195720673,-0.8989547491073608,-0.2537751197814941,0,0
186,29,0.2083055526018143,-0.8929125070571899,-0.2521882653236389,0,0
186,30,0.1999440342187882,-0.8887012600898743,-0.243094339966774,0,0
186,31,0.1985402852296829,-0.885405421257019,-0.2379065603017807,0,0
186,32,0.204338401556015,-0.8841237425804138,-0.2241741120815277,0,0
186,33,0.2122726887464523,-0.8833913207054138,-0.2137985229492188,0,0
186,34,0.2200238853693008,-0.883818507194519,-0.2057421803474426,0,0
186,35,0.2260661423206329,-0.8849171996116638,-0.1990895718336105,0,0
187,36,0.2336952835321426,-0.8868702054023743,-0.1940848827362061,0,0
187,37,0.2405920028686523,-0.8899218440055847,-0.1805965751409531,0,0
232,38,0.2466952949762344,-0.8904711604118347,-0.1701599508523941,0,0
232,39,0.2554230093955994,-0.8929125070571899,-0.1585636734962463,0,0
232,40,0.2623197138309479,-0.8960861563682556,-0.1421457976102829,0,0
232,41,0.2657986283302307,-0.8958420753479004,-0.133906364440918,0,0
233,42,0.2700709104537964,-0.8959030508995056,-0.1245683059096336,0,0
233,43,0.2734887599945068,-0.8935838937759399,-0.1215776950120926,0,0
233,44,0.2735497951507568,-0.8918749094009399,-0.1176105439662933,0,0
233,45,0.2753807902336121,-0.8906542658805847,-0.1179157048463821,0,0
233,46,0.2783714234828949,-0.8863208889961243,-0.121821828186512,0,0
234,47,0.2783103883266449,-0.8851003050804138,-0.1282913237810135,0,0
258,48,0.2774559259414673,-0.8891894817352295,-0.1403758525848389,0,0
258,49,0.2726342976093292,-0.8974899649620056,-0.1528265774250031,0,0
258,50,0.2700709104537964,-0.906522810459137,-0.163446307182312,0,0
258,51,0.2676295936107636,-0.921048641204834,-0.1748594790697098,0,0
258,52,0.2640286684036255,-0.9369782209396362,-0.1852961182594299,0,0
276,53,0.2612821757793427,-0.9541895985603333,-0.1937186717987061,0,0
276,54,0.2628690302371979,-0.9684103131294251,-0.1934134960174561,0,0
277,55,0.2610990703105927,-0.9770159125328064,-0.1986013054847717,0,0
277,56,0.2620145678520203,-0.9815323352813721,-0.1938407421112061,0,0
285,57,0.2642117738723755,-0.9841567873954773,-0.1884698420763016,0,0
298,58,0.2686671614646912,-0.9781755805015564,-0.1776059567928314,0,0
298,59,0.2739770412445068,-0.974757730960846,-0.1705261468887329,0,0
298,60,0.2778221070766449,-0.9731098413467407,-0.1560613214969635,0,0
315,61,0.285878449678421,-0.9723163843154907,-0.1583805829286575,0,0
315,62,0.3002822399139404,-0.9685932993888855,-0.1456246823072434,0,0
315,63,0.3035780191421509,-0.9679220318794251,-0.1300002336502075,0,0
332,64,0.3032118380069733,-0.9652976393699646,-0.1230424866080284,0,0
332,65,0.3073010444641113,-0.9677389264106751,-0.1174274459481239,0,0
332,66,0.3146249949932098,-0.9676778316497803,-0.1157795563340187,0,0
332,67,0.3194466233253479,-0.9685932993888855,-0.1101645305752754,0,0
354,68,0.327625036239624,-0.9697529673576355,-0.1119955182075501,0,0
354,69,0.3376344442367554,-0.972987711429596,-0.1221880242228508,0,0
354,70,0.338061660528183,-0.9770768880844116,-0.1035729572176933,0,0
354,71,0.3502682745456696,-0.9797623753547669,-0.1239579766988754,0,0
358,72,0.3449583947658539,-0.9847670793533325,-0.1099814251065254,0,0
366,73,0.3464842140674591,-0.9879408478736877,-0.1195636093616486,0,0
366,74,0.338427871465683,-0.9914196729660034,-0.118831217288971,0,0
373,75,0.3349489867687225,-0.9900159239768982,-0.1317091733217239,0,0
388,76,0.3242681920528412,-0.9937999844551086,-0.1222490593791008,0,0
388,77,0.3254888951778412,-0.9965464472770691,-0.1331739574670792,0,0
388,78,0.3192634880542755,-0.9999642968177795,-0.1415965110063553,0,0
403,79,0.3147470653057098,-1.001612186431885,-0.1516669541597366,0,0
403,80,0.3099865019321442,-1.004541754722595,-0.1469674110412598,0,0
403,81,0.3105968236923218,-1.005213141441345,-0.1586247086524963,0,0
425,82,0.3005263805389404,-1.003199100494385,-0.1622256487607956,0,0
425,83,0.2962540686130524,-1.000818848609924,-0.1683289408683777,0,0
425,84,0.2921648621559143,-0.9975840449333191,-0.1534979343414307,0,0
425,85,0.2924090027809143,-0.9933117628097534,-0.1519110798835754,0,0
425,86,0.286061555147171,-0.9886122345924377,-0.1503852605819702,0,0
446,87,0.282094419002533,-0.9825699329376221,-0.1613101661205292,0,0
446,88,0.2788596749305725,-0.9778704047203064,-0.1429392248392105,0,0
446,89,0.2819113433361054,-0.9707905650138855,-0.137629359960556,0,0
446,90,0.281728208065033,-0.9639548659324646,-0.1438547372817993,0,0
479,91,0.2762352526187897,-0.9587060213088989,-0.1550237536430359,0,0
479,92,0.2753197848796845,-0.9540064930915833,-0.1364697366952896,0,0
479,93,0.2788596749305725,-0.9495510458946228,-0.1348828822374344,0,0
479,94,0.2809348106384277,-0.9427764415740967,-0.1464181244373322,0,0
480,95,0.2791648507118225,-0.9408843517303467,-0.1442209333181381,0,0
480,96,0.2853901982307434,-0.937893807888031,-0.1368969678878784,0,0
480,97,0.2913714349269867,-0.935696542263031,-0.135676309466362,0,0
502,98,0.2949113547801971,-0.936551034450531,-0.1492866575717926,0,0
502,99,0.2908221483230591,-0.9379547834396362,-0.1405589431524277,0,0
502,100,0.2936906814575195,-0.9401519894599915,-0.1397044807672501,0,0
502,101,0.2920427918434143,-0.938565194606781,-0.1307936608791351,0,0
516,102,0.2913103997707367,-0.9335603713989258,-0.1451364308595657,0,0
516,103,0.2868549823760986,-0.9306918978691101,-0.137934535741806,0,0
516,104,0.2914935052394867,-0.9263585805892944,-0.1365918070077896,0,0
530,105,0.2928972542285919,-0.9271519780158997,-0.1371411085128784,0,0
530,106,0.2937517166137695,-0.9234288930892944,-0.1499580293893814,0,0
530,107,0.2892352938652039,-0.922391414642334,-0.1432444006204605,0,0
545,108,0.2917376458644867,-0.9217811226844788,-0.1451364308595657,0,0
545,109,0.2889301180839539,-0.9209266304969788,-0.1433054208755493,0,0
545,110,0.2872211933135986,-0.921353816986084,-0.1560002863407135,0,0
555,111,0.2830099165439606,-0.9228186011314392,-0.1528265774250031,0,0
603,112,0.2849019169807434,-0.9236119985580444,-0.1547185927629471,0,0
603,113,0.2907000780105591,-0.9384430050849915,-0.1700989156961441,0,0
603,114,0.2907000780105591,-0.9384430050849915,-0.1700989156961441,0,0
603,115,0.2949113547801971,-0.9482693672180176,-0.1679627448320389,0,0
603,116,0.3079724013805389,-0.9627951979637146,-0.1697937548160553,0,0
603,117,0.3146860301494598,-0.9771379828453064,-0.1696716845035553,0,0
604,118,0.3207893371582031,-0.9922131896018982,-0.1726012676954269,0,0
604,119,0.3243292570114136,-1.005396246910095,-0.1621035933494568,0,0
604,120,0.3306156396865845,-1.018213152885437,-0.1569768190383911,0,0
604,121,0.3318973183631897,-1.024316549301148,-0.1433054208755493,0,0
604,122,0.3340945243835449,-1.024682641029358,-0.1369580030441284,0,0
626,123,0.3329348862171173,-1.025170922279358,-0.1221880242228508,0,0
627,124,0.3348879516124725,-1.020776510238648,-0.1148030310869217,0,0
627,125,0.3364748060703278,-1.013818740844727,-0.1107138246297836,0,0
627,126,0.3373903036117554,-1.002893924713135,-0.1079673394560814,0,0
627,127,0.3392212986946106,-0.989405632019043,-0.1022912710905075,0,0
646,128,0.3401978313922882,-0.9759173393249512,-0.1066246181726456,0,0
646,129,0.3369630575180054,-0.9625511169433594,-0.1113851889967918,0,0
646,130,0.3337893486022949,-0.9499172568321228,-0.1177936419844627,0,0
655,131,0.3315921723842621,-0.9436919093132019,-0.1201739385724068,0,0
655,132,0.3256719708442688,-0.9369782209396362,-0.1209063306450844,0,0
665,133,0.3210944831371307,-0.9302036166191101,-0.1246293410658836,0,0
665,134,0.3176766335964203,-0.9264195561408997,-0.1255448311567307,0,0
675,135,0.3164559900760651,-0.9263585805892944,-0.1329298317432404,0,0
675,136,0.3138926029205322,-0.9316684007644653,-0.1512397229671478,0,0
682,137,0.3115733563899994,-0.9351473450660706,-0.1610660254955292,0,0
682,138,0.3035170137882233,-0.937222421169281,-0.1682068854570389,0,0
691,139,0.2933245003223419,-0.9416167736053467,-0.1679017245769501,0,0
700,140,0.2809348106384277,-0.9425322413444519,-0.1641787141561508,0,0
700,141,0.2684840559959412,-0.9405791759490967,-0.1581364572048187,0,0
710,142,0.2556671500205994,-0.9372833967208862,-0.1549016982316971,0,0
710,143,0.24169060587883,-0.9316073656082153,-0.1540472358465195,0,0
722,144,0.2319253087043762,-0.9280674457550049,-0.1535589694976807,0,0
722,145,0.2246623784303665,-0.922574520111084,-0.1520941853523254,0,0
722,146,0.2144088447093964,-0.9186683893203735,-0.1524603813886643,0,0
733,147,0.2081224471330643,-0.9149454236030579,-0.1519110798835754,0,0
733,148,0.2078783214092255,-0.9108561873435974,-0.1522772759199143,0,0
748,149,0.2075731605291367,-0.9117716550827026,-0.1562444120645523,0,0
748,150,0.2078783214092255,-0.9155557155609131,-0.1610049903392792,0,0
748,151,0.2092820852994919,-0.9134806394577026,-0.1621035933494568,0,0
772,152,0.2122116684913635,-0.9114664793014526,-0.1648500710725784,0,0
772,153,0.2150802314281464,-0.9137857556343079,-0.1643007695674896,0,0
773,154,0.2184370160102844,-0.9129923582077026,-0.1649111062288284,0,0
773,155,0.2220989912748337,-0.9125650525093079,-0.1586857438087463,0,0
773,156,0.2277140468358994,-0.9109171628952026,-0.1564275324344635,0,0
794,157,0.2346107512712479,-0.9091472029685974,-0.1566716581583023,0,0
794,158,0.2435826063156128,-0.9112223386764526,-0.1494697630405426,0,0
794,159,0.2515169084072113,-0.9141519069671631,-0.1476998031139374,0,0
794,160,0.2621366381645203,-0.9179970622062683,-0.1454415917396545,0,0
800,161,0.2692775130271912,-0.921903133392334,-0.1370800733566284,0,0
801,162,0.2796531021595001,-0.9261143803596497,-0.1323194950819016,0,0
809,163,0.2869770526885986,-0.9286777377128601,-0.124751403927803,0,0
818,164,0.2916766107082367,-0.9314242601394653,-0.1169391795992851,0,0
818,165,0.2902728617191315,-0.9331331849098206,-0.1126058474183083,0,0
829,166,0.2919207215309143,-0.9326449632644653,-0.1123006790876389,0,0
829,167,0.2914324700832367,-0.9326449632644653,-0.1148640587925911,0,0
837,168,0.2908221483230591,-0.9328280687332153,-0.1143147647380829,0,0
837,169,0.2894794046878815,-0.9285557270050049,-0.1135213375091553,0,0
846,170,0.286427766084671,-0.9270909428596497,-0.1210284009575844,0,0
846,171,0.281972348690033,-0.9276402592658997,-0.1231645494699478,0,0
852,172,0.2769066393375397,-0.9269078373908997,-0.1234086826443672,0,0
858,173,0.2701929807662964,-0.9304476976394653,-0.1284133791923523,0,0
863,174,0.2647610604763031,-0.934842050075531,-0.1321974396705627,0,0
867,175,0.2596342861652374,-0.9345979690551758,-0.1333570629358292,0,0
872,176,0.2550568282604218,-0.9408233761787415,-0.1414744406938553,0,0
877,177,0.2532868683338165,-0.9472317695617676,-0.1545355021953583,0,0
883,178,0.2520661950111389,-0.952419638633728,-0.1622256487607956,0,0
889,179,0.2502351999282837,-0.9621238708496094,-0.174676388502121,0,0
896,180,0.2518220543861389,-0.9695088863372803,-0.1823055148124695,0,0
896,181,0.2541413307189941,-0.9782365560531616,-0.187310203909874,0,0
902,182,0.2548126876354218,-0.9781144857406616,-0.1800472736358643,0,0
907,183,0.2556671500205994,-0.9764056205749512,-0.1750425845384598,0,0
912,184,0.2579253613948822,-0.973537027835846,-0.1714416444301605,0,0
917,185,0.2590239644050598,-0.9687764048576355,-0.176751509308815,0,0
919,186,0.2628690302371979,-0.9618797898292542,-0.1791928261518478,0,0
924,187,0.2683009803295136,-0.9544947743415833,-0.1835872083902359,0,0
936,188,0.2756859660148621,-0.9459500908851624,-0.1826717108488083,0,0
936,189,0.2812399566173554,-0.9406402707099915,-0.1816951781511307,0,0
944,190,0.2833150625228882,-0.9389923810958862,-0.1812679469585419,0,0
944,191,0.2882587611675263,-0.9356355667114258,-0.178643524646759,0,0
950,192,0.2943620383739471,-0.9346590638160706,-0.178765594959259,0,0
953,193,0.2953385710716248,-0.9327669739723206,-0.1812679469585419,0,0
958,194,0.29747474193573,-0.9295322299003601,-0.1797421127557755,0,0
963,195,0.3005263805389404,-0.9269688725471497,-0.1748594790697098,0,0
968,196,0.3062634766101837,-0.920865535736084,-0.1704651117324829,0,0
973,197,0.3108409643173218,-0.9157997965812683,-0.1681458503007889,0,0
984,198,0.3142588138580322,-0.9138467311859131,-0.1677796542644501,0,0
984,199,0.3201179504394531,-0.9129923582077026,-0.1702209860086441,0,0
995,200,0.323352724313736,-0.9115885496139526,-0.1708923429250717,0,0
996,201,0.3298222124576569,-0.9089031219482422,-0.1708923429250717,0,0
1014,202,0.3347658812999725,-0.9037763476371765,-0.1651552319526672,0,0
1014,203,0.3369630575180054,-0.9043256640434265,-0.1611880958080292,0,0
1014,204,0.3430053293704987,-0.9057294130325317,-0.1599064022302628,0,0
1014,205,0.3480710685253143,-0.907560408115387,-0.1599674373865128,0,0
1017,206,0.3525875210762024,-0.9042645692825317,-0.1588078141212463,0,0
1023,207,0.3596062958240509,-0.9037763476371765,-0.1533148437738419,0,0
1028,208,0.3637565672397614,-0.905851423740387,-0.1503242254257202,0,0
1044,209,0.3677847385406494,-0.9073162078857422,-0.146601215004921,0,0
1044,210,0.3710805177688599,-0.9113444685935974,-0.1450753957033157,0,0
1044,211,0.3749866187572479,-0.9198890328407288,-0.1415354758501053,0,0
1062,212,0.3781603276729584,-0.9251989722251892,-0.1387279629707336,0,0
1062,213,0.378953754901886,-0.9349642395973206,-0.1351270228624344,0,0
1063,214,0.3784655034542084,-0.9435088038444519,-0.1340284198522568,0,0
1063,215,0.3719349801540375,-0.9539453983306885,-0.1285964846611023,0,0
1084,216,0.3653434216976166,-0.9614524841308594,-0.120784267783165,0,0
1084,217,0.3577753007411957,-0.9709125757217407,-0.1150471642613411,0,0
1085,218,0.3502072393894196,-0.9773821830749512,-0.1083335429430008,0,0
1085,219,0.3405029773712158,-0.9833022952079773,-0.1024743691086769,0,0
1101,220,0.3256109356880188,-0.989222526550293,-0.1015588715672493,0,0
1101,221,0.3114512860774994,-0.987696647644043,-0.09722553938627243,0,0
1101,222,0.2960099577903748,-0.9848890900611877,-0.09130533784627914,0,0
1117,223,0.2778221070766449,-0.9831191897392273,-0.09362459182739258,0,0
1117,224,0.2595732510089874,-0.9782975912094116,-0.09722553938627243,0,0
1117,225,0.2422398775815964,-0.972865641117096,-0.1053429171442986,0,0
1117,226,0.2239299863576889,-0.9674947261810303,-0.1124837771058083,0,0
1137,227,0.2042773813009262,-0.9632224440574646,-0.1239579766988754,0,0
1137,228,0.1864557415246964,-0.9616355895996094,-0.1364087015390396,0,0
1137,229,0.1678406894207001,-0.9558374881744385,-0.1428171694278717,0,0
1137,230,0.1533148437738419,-0.951382040977478,-0.150812491774559,0,0
1147,231,0.1327467262744904,-0.9504665732383728,-0.1592350453138351,0,0
1147,232,0.1148640587925911,-0.9499783515930176,-0.1695496141910553,0,0
1158,233,0.09685933589935303,-0.951992392539978,-0.176751509308815,0,0
1158,234,0.0816621258854866,-0.9543727040290833,-0.1824886053800583,0,0
1168,235,0.06573252379894257,-0.9570581316947937,-0.1845026910305023,0,0
1168,236,0.05096253752708435,-0.9540675282478333,-0.1812069118022919,0,0
1171,237,0.03546015918254852,-0.9524806141853333,-0.174737423658371,0,0
1183,238,0.02349769696593285,-0.9510769248008728,-0.1691834181547165,0,0
1183,239,0.008727715350687504,-0.9501614570617676,-0.1581974774599075,0,0
1195,240,-0.004821605049073696,-0.9443632364273071,-0.1597843319177628,0,0
1195,241,-0.02227703668177128,-0.9371004104614258,-0.1625918596982956,0,0
1205,242,-0.03845077380537987,-0.9331331849098206,-0.174371212720871,0,0
1205,243,-0.05322076007723808,-0.9287999272346497,-0.1848688870668411,0,0
1206,244,-0.06072781607508659,-0.9302647113800049,-0.2097093015909195,0,0
1210,245,-0.06677007675170898,-0.9335603713989258,-0.2426671236753464,0,0
1215,246,-0.07037102431058884,-0.9461942911148071,-0.2653103470802307,0,0
1257,247,-0.07098135352134705,-0.9611473083496094,-0.2966202795505524,0,0
1257,248,-0.07177478075027466,-0.9837296009063721,-0.327930212020874,0,0
1258,249,-0.06744144111871719,-1.013147473335266,-0.3505734205245972,0,0
1258,250,-0.06579355150461197,-1.045800089836121,-0.3652823567390442,0,0
1259,251,-0.05956818908452988,-1.070518374443054,-0.3713856637477875,0,0
1259,252,-0.0541362538933754,-1.095969200134277,-0.3703481256961823,0,0
1259,253,-0.04540853574872017,-1.118856549263001,-0.3676016330718994,0,0
1260,254,-0.03893904015421867,-1.134359002113342,-0.3673574924468994,0,0
1260,255,-0.02526765316724777,-1.147359013557434,-0.364305853843689,0,0
1286,256,-0.006225363817065954,-1.157490491867065,-0.3647941052913666,0,0
1286,257,0.01434274949133396,-1.165851950645447,-0.368517130613327,0,0
1286,258,0.03765734657645226,-1.173542022705078,-0.3597283661365509,0,0
1286,259,0.06194847449660301,-1.180988192558289,-0.3472166061401367,0,0
1287,260,0.08507997542619705,-1.181964635848999,-0.3293949961662293,0,0
1308,261,0.1065025553107262,-1.178974032402039,-0.3063245117664337,0,0
1308,262,0.1289016455411911,-1.177265048027039,-0.2904559373855591,0,0
1308,263,0.148859441280365,-1.169757962226868,-0.2737329006195068,0,0
1309,264,0.1697937548160553,-1.159321427345276,-0.2618314623832703,0,0
1351,265,0.1882867366075516,-1.145527958869934,-0.256765753030777,0,0
1351,266,0.1932914406061173,-1.082480907440186,-0.2647610604763031,0,0
1351,267,0.2077562510967255,-1.012903332710266,-0.2748314738273621,0,0
1352,268,0.2322304844856262,-1.005945563316345,-0.282155454158783,0,0
1352,269,0.2550568282604218,-0.9975230097770691,-0.2929582893848419,0,0
1352,270,0.2697657644748688,-0.9842787981033325,-0.3060193359851837,0,0
1352,271,0.2796531021595001,-0.9659689664840698,-0.3223151564598084,0,0
1352,272,0.2832540571689606,-0.9436919093132019,-0.3415405452251434,0,0
1352,273,0.2772117853164673,-0.9236730933189392,-0.3543574512004852,0,0
1370,274,0.2678737342357636,-0.9007856845855713,-0.3573480844497681,0,0
1370,275,0.260305643081665,-0.8747246265411377,-0.3548457324504852,0,0
1370,276,0.2514558732509613,-0.8474429249763489,-0.3392823338508606,0,0
1370,277,0.2386389523744583,-0.8202222585678101,-0.3146249949932098,0,0
1404,278,0.2220989912748337,-0.7972738146781921,-0.3011977672576904,0,0
1404,279,0.2041553258895874,-0.773593008518219,-0.29735267162323,0,0
1404,280,0.1847468316555023,-0.7468605637550354,-0.2867329120635986,0,0
1404,281,0.1715636998414993,-0.7207384705543518,-0.2794700264930725,0,0
1404,282,0.1630801111459732,-0.6941890716552734,-0.2771507501602173,0,0
1405,283,0.1547185927629471,-0.6645880937576294,-0.2809348106384277,0,0
1405,284,0.150873526930809,-0.6387101411819458,-0.2846578061580658,0,0
1443,285,0.1511176526546478,-0.6073391437530518,-0.2903949320316315,0,0
1443,286,0.1553899496793747,-0.5798743367195129,-0.2885639369487763,0,0
1443,287,0.1577702462673187,-0.5536301732063294,-0.2852071225643158,0,0
1443,288,0.1592960804700851,-0.527019739151001,-0.2828268110752106,0,0
1444,289,0.1563054621219635,-0.5036441087722778,-0.2726342976093292,0,0
1444,290,0.1520941853523254,-0.4858225286006928,-0.2533479034900665,0,0
1444,291,0.1463570892810822,-0.4734938442707062,-0.2297891676425934,0,0
1444,292,0.1408030837774277,-0.4711135625839233,-0.202446386218071,0,0
1476,293,0.1308546960353851,-0.475263774394989,-0.1710754483938217,0,0
1476,294,0.1257889717817307,-0.472029060125351,-0.1226762905716896,0,0
1476,295,0.1251175999641419,-0.4789868295192719,-0.1192584410309792,0,0
1477,296,0.1263382583856583,-0.5102356672286987,-0.1620425581932068,0,0
1477,297,0.1307936608791351,-0.557353138923645,-0.2255778908729553,0,0
1477,298,0.1341504901647568,-0.6106349229812622,-0.2806296348571777,0,0
1477,299,0.1403148174285889,-0.6746585369110107,-0.3288456797599793,0,0
1520,300,0.1412303000688553,-0.7535741925239563,-0.4020852446556091,0,0
1520,301,0.1437937021255493,-0.8549500107765198,-0.4849070012569428,0,0
1520,302,0.1555730551481247,-0.9860487580299377,-0.5480151176452637,0,0
1520,303,0.1862726509571075,-1.150654792785645,-0.5674236416816711,0,0
1521,304,0.2442539781332016,-1.357068181037903,-0.5246394276618958,0,0
1521,305,0.3138315975666046,-1.584721326828003,-0.4340054988861084,0,0
1521,306,0.364733099937439,-1.778317928314209,-0.3250616490840912,0,0
1521,307,0.3733387291431427,-1.915397882461548,-0.2164229452610016,0,0
1563,308,0.3224372267723084,-1.93077826499939,-0.1157795563340187,0,0
1563,309,0.2734277546405792,-1.897515296936035,-0.03838974237442017,0,0
1564,310,0.2301553636789322,-1.804867148399353,0.001647890312597156,0,0
1564,311,0.1446481645107269,-1.56226110458374,0.1080283746123314,0,0
1564,312,0.1166340187191963,-1.416514396667481,0.04369961097836494,0,0
1566,313,0.09991098195314407,-1.274856925010681,-0.04980291053652763,0,0
1566,314,0.06707524508237839,-1.144856572151184,-0.1167560815811157,0,0
1566,315,0.03881697356700897,-1.035790681838989,-0.1518500447273254,0,0
1568,316,0.0271596759557724,-0.9590111374855042,-0.1720519661903381,0,0
1568,317,0.02972306124866009,-0.9145181179046631,-0.191399410367012,0,0
1615,318,0.03558222576975822,-0.8937668800354004,-0.1975027173757553,0,0
1615,319,0.0404038317501545,-0.8810720443725586,-0.2016529589891434,0,0
1615,320,0.0407700277864933,-0.8793631792068481,-0.2095872312784195,0,0
1615,321,0.03961040452122688,-0.8815603256225586,-0.2088548392057419,0,0
1615,322,0.03600945696234703,-0.8877856731414795,-0.1502021551132202,0,0
1615,323,0.03570429235696793,-0.8874194622039795,-0.1384227871894836,0,0
1615,324,0.0406479649245739,-0.8913255929946899,-0.1630190908908844,0,0
1615,325,0.04949774593114853,-0.8983443975448608,-0.1952445060014725,0,0
1615,326,0.06597664952278137,-0.9088420867919922,-0.2139816284179688,0,0
1641,327,0.08251658827066422,-0.9168984889984131,-0.2361366003751755,0,0
1642,328,0.1017419695854187,-0.9219641089439392,-0.2584136128425598,0,0
1642,329,0.121821828186512,-0.9272740483283997,-0.2662258446216583,0,0
1642,330,0.1421457976102829,-0.9328890442848206,-0.2569488286972046,0,0
1642,331,0.1670472621917725,-0.9442412257194519,-0.2461459934711456,0,0
1642,332,0.1892022341489792,-0.951504111289978,-0.2474277019500732,0,0
1692,333,0.2083055526018143,-0.9576684236526489,-0.2538361549377441,0,0
1692,334,0.2315591126680374,-0.9596825242042542,-0.2633573114871979,0,0
1692,335,0.2623197138309479,-0.9582788348197937,-0.2660427391529083,0,0
1692,336,0.2898456156253815,-0.9544947743415833,-0.2693385183811188,0,0
1693,337,0.3133433163166046,-0.9484524726867676,-0.2700709104537964,0,0
1693,338,0.327319860458374,-0.935879647731781,-0.2610380351543427,0,0
1693,339,0.3318363130092621,-0.9205604195594788,-0.2445591390132904,0,0
1693,340,0.326892614364624,-0.8990768194198608,-0.2248454838991165,0,0
1693,341,0.3192024827003479,-0.8669734597206116,-0.202568456530571,0,0
1693,342,0.3114512860774994,-0.8334662914276123,-0.1818172484636307,0,0
1712,343,0.3057141900062561,-0.7996540665626526,-0.1697937548160553,0,0
1712,344,0.3026015162467957,-0.7710906267166138,-0.1667420864105225,0,0
1712,345,0.2961930334568024,-0.7473487854003906,-0.1688172221183777,0,0
1712,346,0.2844136655330658,-0.7334333062171936,-0.1730895340442658,0,0
1726,347,0.2678737342357636,-0.7256211042404175,-0.1835261732339859,0,0
1726,348,0.2504183351993561,-0.7286117076873779,-0.1924980133771896,0,0
1726,349,0.2311318963766098,-0.7386211156845093,-0.2014698535203934,0,0
1741,350,0.2090989798307419,-0.7509497404098511,-0.2020801901817322,0,0
1741,351,0.1948783099651337,-0.7706633806228638,-0.204338401556015,0,0
1741,352,0.1805355399847031,-0.7926353216171265,-0.1996999084949493,0,0
1750,353,0.1716247349977493,-0.8183912038803101,-0.2055590599775314,0,0
1751,354,0.1686951518058777,-0.8496400713920593,-0.2090989798307419,0,0
1763,355,0.1647890359163284,-0.8800955414772034,-0.2133102566003799,0,0
1764,356,0.161676362156868,-0.9103679656982422,-0.215263307094574,0,0
1773,357,0.1584416180849075,-0.9372833967208862,-0.2160567492246628,0,0
1774,358,0.1556951254606247,-0.9649313688278198,-0.2153243571519852,0,0
1774,359,0.1566716581583023,-0.9906262159347534,-0.2099534273147583,0,0
1782,360,0.1582585126161575,-1.014307022094727,-0.2058642357587814,0,0
1791,361,0.161432221531868,-1.031823515892029,-0.204765647649765,0,0
1792,362,0.1605777740478516,-1.048607587814331,-0.204643577337265,0,0
1799,363,0.1553899496793747,-1.057335257530212,-0.2029346525669098,0,0
1799,364,0.1541692912578583,-1.060875177383423,-0.202629491686821,0,0
1812,365,0.1516669541597366,-1.066551327705383,-0.2076952308416367,0,0
1812,366,0.1430002599954605,-1.063926935195923,-0.2137985229492188,0,0
1827,367,0.1350049525499344,-1.061973810195923,-0.2181318700313568,0,0
1827,368,0.120845302939415,-1.050194501876831,-0.2231365740299225,0,0
1827,369,0.120845302939415,-1.050194501876831,-0.2231365740299225,0,0
1841,370,0.1163288503885269,-1.045433878898621,-0.2190473526716232,0,0
1841,371,0.1142537295818329,-1.04366397857666,-0.2137985229492188,0,0
1842,372,0.1126058474183083,-1.047753095626831,-0.2065966427326202,0,0
1854,373,0.1176715791225433,-1.054955005645752,-0.2082445174455643,0,0
1854,374,0.1274978816509247,-1.060020804405212,-0.2086717486381531,0,0
1854,375,0.1348218470811844,-1.058678030967712,-0.2074510902166367,0,0
1866,376,0.1430612951517105,-1.051720380783081,-0.2073290348052979,0,0
1866,377,0.1471505165100098,-1.03707230091095,-0.2160567492246628,0,0
1873,378,0.1549627333879471,-1.019739031791687,-0.2187421917915344,0,0
1873,379,0.163690447807312,-1.003199100494385,-0.2278361171483994,0,0
1881,380,0.1707092374563217,-0.9842787981033325,-0.2316201627254486,0,0
1887,381,0.1768735647201538,-0.9662130475044251,-0.243521586060524,0,0
1892,382,0.1838923692703247,-0.9495510458946228,-0.2532258331775665,0,0
1893,383,0.1888970583677292,-0.9324618577957153,-0.2659817337989807,0,0
1900,384,0.1945120990276337,-0.9190345406532288,-0.2739770412445068,0,0
1906,385,0.2010426223278046,-0.9060956239700317,-0.2787986397743225,0,0
1913,386,0.2054370045661926,-0.8978561162948608,-0.2792258858680725,0,0
1913,387,0.2122726887464523,-0.8889453411102295,-0.2800192832946777,0,0
1920,388,0.2136154323816299,-0.8795462846755981,-0.2772728204727173,0,0
1944,389,0.2148360908031464,-0.8746636509895325,-0.2722681164741516,0,0
1944,390,0.2163619101047516,-0.8657527565956116,-0.2634183466434479,0,0
1944,391,0.2167891412973404,-0.8616635203361511,-0.260427713394165,0,0
1944,392,0.2189252823591232,-0.8561095595359802,-0.2501131296157837,0,0
1945,393,0.217765673995018,-0.8493959903717041,-0.2460239231586456,0,0
1966,394,0.2186201363801956,-0.8448795080184937,-0.2399206310510635,0,0
1966,395,0.2162398397922516,-0.840729296207428,-0.2339394092559815,0,0
1966,396,0.2160567492246628,-0.8394476175308228,-0.2271647453308106,0,0
1967,397,0.2154464274644852,-0.840057909488678,-0.2215497195720673,0,0
1967,398,0.2130051106214523,-0.8443912267684937,-0.2127609699964523,0,0
1985,399,0.2100144773721695,-0.8452457189559937,-0.2026905119419098,0,0
1985,400,0.204338401556015,-0.8520204424858093,-0.1969534158706665,0,0
1985,401,0.1974416822195053,-0.8570860624313355,-0.1885308623313904,0,0
2011,402,0.1917656064033508,-0.8591001629829407,-0.1812679469585419,0,0
2011,403,0.1828548014163971,-0.8630062937736511,-0.1761411726474762,0,0
2011,404,0.1660096943378449,-0.8556212782859802,-0.1639956086874008,0,0
2011,405,0.1580754220485687,-0.8488466739654541,-0.1558171808719635,0,0
2011,406,0.1473336070775986,-0.8412785530090332,-0.1509345471858978,0,0
2012,407,0.1342115253210068,-0.8321236371994019,-0.1440988630056381,0,0
2029,408,0.1210894286632538,-0.824311375617981,-0.1322584748268127,0,0
2029,409,0.1115682870149612,-0.8150954246520996,-0.1275589168071747,0,0
2029,410,0.09991098195314407,-0.8053911924362183,-0.1212725341320038,0,0
2054,411,0.08654476702213287,-0.7942221164703369,-0.1155354231595993,0,0
2054,412,0.0745823010802269,-0.7809169292449951,-0.1099814251065254,0,0
2054,413,0.06323016434907913,-0.773959219455719,-0.1077232137322426,0,0
2054,414,0.05138976499438286,-0.7649263143539429,-0.1022302359342575,0,0
2054,415,0.040892094373703,-0.758212685585022,-0.09685933589935303,0,0
2103,416,0.03069958835840225,-0.7497290968894959,-0.09289219230413437,0,0
2103,417,0.02062914706766605,-0.7406962513923645,-0.08446964621543884,0,0
2103,418,0.01123006734997034,-0.7336774468421936,-0.0747043639421463,0,0
2103,419,0.001708923373371363,-0.7256211042404175,-0.07397197186946869,0,0
2103,420,-0.005737100262194872,-0.7197619080543518,-0.07043205201625824,0,0
2103,421,-0.01489204727113247,-0.7099356055259705,-0.06481701880693436,0,0
2103,422,-0.02007984928786755,-0.7006585597991943,-0.06280293315649033,0,0
2104,423,-0.03204231336712837,-0.6906492114067078,-0.06060574948787689,0,0
2104,424,-0.04321134835481644,-0.6778322458267212,-0.06194847449660301,0,0
2104,425,-0.05175596475601196,-0.6631233096122742,-0.06341326236724854,0,0
2116,426,-0.05663860216736794,-0.6492077708244324,-0.06158227473497391,0,0
2116,427,-0.06481701880693436,-0.6360246539115906,-0.05981232225894928,0,0
2116,428,-0.07232408225536346,-0.6222922205924988,-0.05712686479091644,0,0
2127,429,-0.0812959298491478,-0.6042264699935913,-0.05517381429672241,0,0
2127,430,-0.08880297839641571,-0.5875645279884338,-0.06176537275314331,0,0
2138,431,-0.09887342900037766,-0.5679118633270264,-0.06225363910198212,0,0
2138,432,-0.1065635830163956,-0.556681752204895,-0.06658697873353958,0,0
2176,433,-0.1141927018761635,-0.5412404537200928,-0.06951656192541122,0,0
2176,434,-0.1222490593791008,-0.5245174169540405,-0.07726775109767914,0,0
2176,435,-0.1261551678180695,-0.5087098479270935,-0.07977010309696198,0,0
2176,436,-0.1342115253210068,-0.4971135854721069,-0.07830531150102615,0,0
2177,437,-0.1412913352251053,-0.4781323373317719,-0.08776542544364929,0,0
2177,438,-0.1430002599954605,-0.4560994207859039,-0.09423492103815079,0,0
2177,439,-0.1609439700841904,-0.4235078096389771,-0.08898608386516571,0,0
2177,440,-0.1715026646852493,-0.4116674065589905,-0.08007527142763138,0,0
2210,441,-0.1732726246118546,-0.4067237675189972,-0.08465274423360825,0,0
2210,442,-0.1668641567230225,-0.405014842748642,-0.09582177549600601,0,0
2210,443,-0.1890191286802292,-0.3563105165958405,-0.08532410860061646,0,0
2210,444,-0.1732726246118546,-0.3691274523735046,-0.06365739554166794,0,0
2210,445,-0.107906311750412,-0.4154514670372009,-0.09283115714788437,0,0
2210,446,-0.07561986148357391,-0.4434045851230621,-0.1051598191261292,0,0
2210,447,-0.07403299957513809,-0.434859961271286,-0.1013757735490799,0,0
2251,448,-0.08276071399450302,-0.4044655561447144,-0.09631003439426422,0,0
2252,449,-0.09252599626779556,-0.3621086478233337,-0.1004602834582329,0,0
2252,450,-0.08373724669218063,-0.3133433163166046,-0.1212114989757538,0,0
2252,451,-0.07531469315290451,-0.2866108417510986,-0.1302443742752075,0,0
2252,452,-0.05712686479091644,-0.2946061789989471,-0.165582463145256,0,0
2253,453,-0.02923479489982128,-0.3159067034721375,-0.1904839277267456,0,0
2253,454,-0.002014088211581111,-0.3324466347694397,-0.2144088447093964,0,0
2253,455,0.02453525736927986,-0.3431884348392487,-0.2299112379550934,0,0
2254,456,0.04144139215350151,-0.3434325754642487,-0.2549347579479218,0,0
2319,457,0.06567148864269257,-0.3409912586212158,-0.2947282493114471,0,0
2319,458,0.09173256903886795,-0.3553950488567352,-0.342395007610321,0,0
2319,459,0.120723232626915,-0.3871932029724121,-0.4036720991134644,0,0
2319,460,0.1512397229671478,-0.4355923533439636,-0.4667801856994629,0,0
2319,461,0.176507368683815,-0.4880807101726532,-0.5561935305595398,0,0
2320,462,0.1984792500734329,-0.5513719320297241,-0.6409683227539063,0,0
2320,463,0.217338427901268,-0.6183251142501831,-0.7117055058479309,0,0
2320,464,0.2233806997537613,-0.676794707775116,-0.758517861366272,0,0
2320,465,0.2239299863576889,-0.7159168124198914,-0.7496680617332459,0,0
2320,466,0.2277750670909882,-0.7318463921546936,-0.6962031722068787,0,0
2320,467,0.1906059831380844,-0.7245835065841675,-0.6170434355735779,0,0
2321,468,0.1255448311567307,-0.70602947473526,-0.5330620408058167,0,0
2321,469,0.07354474067687988,-0.6695317625999451,-0.472212165594101,0,0
2388,470,0.04504233598709106,-0.6449965238571167,-0.3819443583488464,0,0
2388,471,0.004760572221130133,-0.6384049654006958,-0.3180428445339203,0,0
2388,472,-0.01220659632235766,-0.6417006850242615,-0.2678737342357636,0,0
2388,473,-0.008849781937897205,-0.640602171421051,-0.2257609963417053,0,0
2388,474,0.007751188240945339,-0.6569589972496033,-0.2105637639760971,0,0
2389,475,0.04479820653796196,-0.6684942245483398,-0.2131271660327911,0,0
2389,476,0.09704244136810303,-0.6796632409095764,-0.228446438908577,0,0
2389,477,0.1137044355273247,-0.6851562261581421,-0.2667751312255859,0,0
2389,478,0.1164509207010269,-0.6963252425193787,-0.3412353694438934,0,0
2389,479,0.1073570102453232,-0.7148182392120361,-0.445784866809845,0,0
2390,480,0.09081707149744034,-0.7445412874221802,-0.5743203163146973,0,0
2390,481,0.06738040596246719,-0.7810389995574951,-0.7082877159118652,0,0
2390,482,0.04394374415278435,-0.8256540894508362,-0.8575133681297302,0,0
2390,483,0.009887342341244221,-0.8691096305847168,-1.020105123519898,0,0
2445,484,-0.04614093154668808,-0.9165322780609131,-1.163776755332947,0,0
2445,485,-0.1346997916698456,-0.9784196615219116,-1.326307654380798,0,0
2446,486,-0.2678127288818359,-0.9805558323860169,-1.476998090744019,0,0
2446,487,-0.3956767916679382,-0.9986826181411743,-1.56506872177124,0,0
2446,488,-0.5413014888763428,-1.014001965522766,-1.63782000541687,0,0
2446,489,-0.70700603723526,-1.036034822463989,-1.71575915813446,0,0
2446,490,-0.8916308283805847,-0.9403960704803467,-1.741026759147644,0,0
2446,491,-1.18880033493042,-0.7366070151329041,-1.663942217826843,0,0
2446,492,-1.48786187171936,-0.571940004825592,-1.585758924484253,0,0
2447,493,-1.70379650592804,-0.5345268249511719,-1.40961766242981,0,0
2447,494,-1.772580742835999,-0.662451982498169,-1.515326857566834,0,0
2447,495,-1.85851526260376,-0.8346869945526123,-1.740599393844605,0,0
2496,496,-1.943167924880981,-0.8633114695549011,-1.999928593635559,0,0
2496,497,-1.999928593635559,-0.8918138146400452,-1.999928593635559,0,0
2497,498,-1.999928593635559,-0.8298653364181519,-1.999928593635559,0,0
2497,499,-1.999928593635559,-0.7016351222991943,-1.999928593635559,0,0
2497,500,-1.999928593635559,-0.7101187109947205,-1.999928593635559,0,0
2497,501,-1.93108344078064,-0.8921800851821899,-1.999928593635559,0,0
2497,502,-1.756773233413696,-1.073081731796265,-1.999928593635559,0,0
2497,503,-1.547186017036438,-1.162434101104736,-1.999928593635559,0,0
2497,504,-1.200762748718262,-1.138020873069763,-1.999928593635559,0,0
2497,505,-0.6983392834663391,-1.073387026786804,-1.999928593635559,0,0
2509,506,-0.1076621785759926,-1.03841507434845,-1.999928593635559,0,0
2509,507,0.4824046790599823,-1.059288382530212,-1.999928593635559,0,0
2518,508,0.974208414554596,-1.205096125602722,-1.999928593635559,0,0
2518,509,1.126790881156921,-0.8119827508926392,-1.432505011558533,0,0
2526,510,1.225481152534485,-0.4065406620502472,-1.139424681663513,0,0
2526,511,1.373608231544495,-0.1545965224504471,-1.065025448799133,0,0
2533,512,1.512824416160584,-0.01916435547173023,-1.077537178993225,0,0
2540,513,1.731566548347473,-0.04638506472110748,-1.354199767112732,0,0
2540,514,1.967154026031494,-0.1526434719562531,-1.384349942207336,0,0
2547,515,1.999867558479309,-0.286244660615921,-1.215960025787354,0,0
2556,516,1.999867558479309,-0.4025735259056091,-0.905851423740387,0,0
2556,517,1.999867558479309,-0.4581135511398315,-0.6194847226142883,0,0
2561,518,1.938346385955811,-0.4737379848957062,-0.3258550763130188,0,0
2568,519,1.804256916046143,-0.4542074501514435,-0.07519263029098511,0,0
2572,520,1.582951307296753,-0.3777331113815308,0.06963862478733063,0,0
2577,521,1.297072768211365,-0.2699488401412964,0.07861047983169556,0,0
2581,522,0.9887953400611877,-0.1527655422687531,0.02764793857932091,0,0
2587,523,0.7027337551116943,-0.04186862334609032,-0.01452584844082594,0,0
2598,524,0.3209114074707031,0.4672074317932129,-0.05950715765357018,0,0
2598,525,0.05584517493844032,0.7123158574104309,-0.1205401346087456,0,0
2607,526,-0.0747653990983963,0.7601047158241272,-0.2209393829107285,0,0
2607,527,-0.1476387828588486,0.8011189103126526,-0.2838643789291382,0,0
2615,528,-0.1968313604593277,0.7903160452842712,-0.2679958045482636,0,0
2615,529,-0.2034229189157486,0.803316056728363,-0.02313149906694889,0,0
2621,530,-0.1501411199569702,0.7652314901351929,0.08001423627138138,0,0
2631,531,-0.1278640925884247,0.6823487281799316,0.1371411085128784,0,0
2631,532,-0.1498969942331314,0.573343813419342,0.1404979079961777,0,0
2641,533,-0.2427281439304352,0.4607379138469696,0.03857284039258957,0,0
2641,534,-0.3988505005836487,0.3483152091503143,-0.1295730024576187,0,0
2652,535,-0.5541794300079346,0.232718750834465,-0.3039442300796509,0,0
2652,536,-0.675940215587616,0.1444040387868881,-0.3258550763130188,0,0
2660,537,-0.7347760200500488,0.06841796636581421,-0.3462400734424591,0,0
2660,538,-0.787264347076416,0.009643210098147392,-0.4108129739761353,0,0
2666,539,-0.8337714672088623,-0.05364799126982689,-0.4629961848258972,0,0
2674,540,-0.8786306977272034,-0.08514100313186646,-0.4531088173389435,0,0
2674,541,-0.9328280687332153,-0.07360577583312988,-0.4036110937595367,0,0
2682,542,-0.986842155456543,-0.01159626618027687,-0.3583856523036957,0,0
2690,543,-1.050560712814331,0.05016910657286644,-0.2921038269996643,0,0
2690,544,-1.11672043800354,0.120723232626915,-0.1830379068851471,0,0
2699,545,-1.165790915489197,0.217216357588768,-0.09679830074310303,0,0
2699,546,-1.255509376525879,0.2898456156253815,-0.07946494221687317,0,0
2705,547,-1.377148032188416,0.3434936106204987,-0.05077943578362465,0,0
2712,548,-1.473519206047058,0.3882307708263397,-0.03253057599067688,0,0
2728,549,-1.570744752883911,0.4197238087654114,-0.06152124330401421,0,0
2728,550,-1.660341262817383,0.4631792902946472,-0.09588280320167542,0,0
2728,551,-1.738646388053894,0.5355033278465271,-0.1428171694278717,0,0
2758,552,-1.825862646102905,0.6455457806587219,-0.1837702989578247,0,0
2758,553,-1.877313375473023,0.7893394827842712,-0.2220989912748337,0,0
2758,554,-1.904106855392456,0.9196449518203735,-0.2856953740119934,0,0
2758,555,-1.936881542205811,1.052513718605042,-0.393723726272583,0,0
2759,556,-1.968008399009705,1.107748508453369,-0.491620659828186,0,0
2759,557,-1.999928593635559,1.104513883590698,-0.5075502395629883,0,0
2759,558,-1.999928593635559,1.004297614097595,-0.4398646950721741,0,0
2769,559,-1.999928593635559,0.9231237769126892,-0.3391602635383606,0,0
2769,560,-1.999928593635559,1.002039432525635,-0.1804134845733643,0,0
2791,561,-1.999928593635559,1.11324155330658,-0.04546957090497017,0,0
2792,562,-1.999928593635559,1.130391836166382,6.103297710069455e-05,0,0
2792,563,-1.724730968475342,1.164265036582947,0.01751646399497986,0,0
2792,564,-1.418833732604981,1.098532557487488,0.0950893759727478,0,0
2792,565,-1.031518340110779,1.015222549438477,0.1198687702417374,0,0
2806,566,-0.6701420545578003,0.9482082724571228,0.1043053567409515,0,0
2806,567,-0.4236909449100494,0.9033491611480713,0.04577473551034927,0,0
2816,568,-0.3333621323108673,0.8640438914299011,-0.06213157251477242,0,0
2816,569,-0.4116674065589905,0.8479921817779541,-0.1989675164222717,0,0
2824,570,-0.5859165787696838,0.8735039830207825,-0.3000381290912628,0,0
2824,571,-0.7611422538757324,0.9194618463516235,-0.35344198346138,0,0
2832,572,-0.856414794921875,0.9480862617492676,-0.404770702123642,0,0
2832,573,-0.884306788444519,0.9428374171257019,-0.4592731297016144,0,0
2841,574,-0.8861377835273743,0.9005416035652161,-0.5029117465019226,0,0
2842,575,-0.8728936314582825,0.8365180492401123,-0.5383719205856323,0,0
2848,576,-0.854888916015625,0.7619966864585877,-0.5689494013786316,0,0
2855,577,-0.8292550444602966,0.6787477731704712,-0.5890902876853943,0,0
2861,578,-0.8050860166549683,0.5980011224746704,-0.6001983284950256,0,0
2861,579,-0.7903160452842712,0.543193519115448,-0.6012358665466309,0,0
2870,580,-0.7738370895385742,0.5111511945724487,-0.5818883776664734,0,0
2876,581,-0.7639498114585877,0.4941229820251465,-0.5704752206802368,0,0
2876,582,-0.7428324222564697,0.4882638454437256,-0.5331230163574219,0,0
2881,583,-0.7261703610420227,0.4938788712024689,-0.4964422285556793,0,0
2887,584,-0.7089590430259705,0.5140197277069092,-0.4538412094116211,0,0
2892,585,-0.6861327290534973,0.5705362558364868,-0.4108740091323853,0,0
2897,586,-0.6339495182037354,0.624123215675354,-0.3429442942142487,0,0
2902,587,-0.5850621461868286,0.6653205156326294,-0.3129160702228546,0,0
2910,588,-0.5500901937484741,0.6847289800643921,-0.3027235567569733,0,0
2917,589,-0.5356864333152771,0.7089590430259705,-0.2756249308586121,0,0
2917,590,-0.5379446744918823,0.7388651967048645,-0.2899676859378815,0,0
2923,591,-0.5217709541320801,0.7640718221664429,-0.2967423498630524,0,0
2926,592,-0.4944891631603241,0.7847009897232056,-0.3136484622955322,0,0
2936,593,-0.4209444522857666,0.773226797580719,-0.2886249423027039,0,0
2936,594,-0.3873763084411621,0.7716399431228638,-0.259878396987915,0,0
2942,595,-0.3541743755340576,0.7480812072753906,-0.2544465065002441,0,0
2946,596,-0.3241461217403412,0.7348370552062988,-0.2997329533100128,0,0
2952,597,-0.2993667423725128,0.7277572751045227,-0.322864443063736,0,0
2955,598,-0.2798362076282501,0.7223252654075623,-0.3479489982128143,0,0
2960,599,-0.2719629406929016,0.7199450135231018,-0.3884138762950897,0,0
2965,600,-0.2748314738273621,0.721837043762207,-0.4432214796543121,0,0
2970,601,-0.2891742587089539,0.7144520282745361,-0.5198789238929749,0,0
2975,602,-0.3021742701530457,0.6980952024459839,-0.5814611911773682,0,0
2984,603,-0.3160897791385651,0.6939449310302734,-0.5982452034950256,0,0
2991,604,-0.3340334892272949,0.6893675327301025,-0.6026396751403809,0,0
2991,605,-0.3478879630565643,0.6802735924720764,-0.6169824004173279,0,0
3001,606,-0.3635124266147614,0.6654425263404846,-0.6299824118614197,0,0
3001,607,-0.3735828399658203,0.6582406759262085,-0.6404800415039063,0,0
3005,608,-0.3758410811424255,0.6510387659072876,-0.660437822341919,0,0
3010,609,-0.379319965839386,0.6416397094726563,-0.6849120855331421,0,0
3015,610,-0.3822495341300964,0.6349871158599854,-0.7045646905899048,0,0
3019,611,-0.394273042678833,0.6005644798278809,-0.7113393545150757,0,0
3025,612,-0.4081885516643524,0.5751137137413025,-0.7279403209686279,0,0
3029,613,-0.4240570962429047,0.5514940023422241,-0.7413065433502197,0,0
3056,614,-0.4298552572727203,0.5321465134620667,-0.7632784247398377,0,0
3056,615,-0.4304656088352203,0.5110291242599487,-0.7856775522232056,0,0
3056,616,-0.4377285242080689,0.4971135854721069,-0.8160108923912048,0,0
3056,617,-0.4450524747371674,0.4885689914226532,-0.8476259708404541,0,0
3056,618,-0.4494468569755554,0.4799633622169495,-0.8672786355018616,0,0
3087,619,-0.4562825262546539,0.4789257645606995,-0.8780815005302429,0,0
3088,620,-0.4607379138469696,0.4700759947299957,-0.884978175163269,0,0
3088,621,-0.4668412804603577,0.4684891104698181,-0.8904711604118347,0,0
3088,622,-0.471601814031601,0.4664140343666077,-0.8871753811836243,0,0
3088,623,-0.4798412621021271,0.4639116823673248,-0.8767998218536377,0,0
3088,624,-0.487104207277298,0.4512778520584106,-0.871245801448822,0,0
3088,625,-0.490827202796936,0.4332120716571808,-0.8607481122016907,0,0
3106,626,-0.5019351840019226,0.4224092662334442,-0.8478701114654541,0,0
3106,627,-0.5364798903465271,0.4222871661186218,-0.8413395881652832,0,0
3106,628,-0.5817663669586182,0.4169162809848785,-0.8394476175308228,0,0
3112,629,-0.6155786514282227,0.4059913754463196,-0.8642269968986511,0,0
3120,630,-0.6424942016601563,0.3895124793052673,-0.8691096305847168,0,0
3121,631,-0.6562876105308533,0.3756580054759979,-0.8481752872467041,0,0
3133,632,-0.6686772704124451,0.3521602749824524,-0.8291330337524414,0,0
3133,633,-0.6830810904502869,0.3260992169380188,-0.8166822791099548,0,0
3133,634,-0.6993158459663391,0.2989395260810852,-0.803193986415863,0,0
3141,635,-0.7106679677963257,0.2798972427845001,-0.7919639348983765,0,0
3149,636,-0.720189094543457,0.2698878347873688,-0.7833582758903503,0,0
3149,637,-0.7313581705093384,0.2903949320316315,-0.7497290968894959,0,0
3156,638,-0.7355083823204041,0.3130991756916046,-0.7276961803436279,0,0
3158,639,-0.7410013675689697,0.3145029246807098,-0.7997761368751526,0,0
3163,640,-0.7492408156394959,0.3212165534496307,-0.8574522733688355,0,0
3168,641,-0.7602267861366272,0.3325687050819397,-0.8889453411102295,0,0
3178,642,-0.7679169178009033,0.3474607467651367,-0.8778983950614929,0,0
3178,643,-0.7786587476730347,0.3571039736270905,-0.8716729879379273,0,0
3185,644,-0.7981892824172974,0.3544795215129852,-0.8868702054023743,0,0
3190,645,-0.8204663395881653,0.3459959328174591,-0.8990157246589661,0,0
3192,646,-0.8464053273200989,0.3351930975914002,-0.9091472029685974,0,0
3197,647,-0.8597715497016907,0.3134653866291046,-0.9244054555892944,0,0
3202,648,-0.854522705078125,0.2751977145671845,-0.9253820776939392,0,0
3207,649,-0.8386542201042175,0.228141263127327,-0.9185462594032288,0,0
3212,650,-0.8049029111862183,0.165582463145256,-0.9088420867919922,0,0
3217,651,-0.7518652677536011,0.09277012944221497,-0.8822927474975586,0,0
3231,652,-0.7046867609024048,0.0167840700596571,-0.8501893877983093,0,0
3231,653,-0.6517101526260376,-0.05554001033306122,-0.8141188621520996,0,0
3240,654,-0.5962311625480652,-0.1144368350505829,-0.7891563773155212,0,0
3240,655,-0.5536301732063294,-0.1705261468887329,-0.773470938205719,0,0
3248,656,-0.5187192559242249,-0.2308877557516098,-0.7786587476730347,0,0
3248,657,-0.4907051622867584,-0.2925310730934143,-0.8093582987785339,0,0
3252,658,-0.4838083982467651,-0.3470945358276367,-0.8565368056297302,0,0
3257,659,-0.4889962375164032,-0.3864608108997345,-0.8934007883071899,0,0
3262,660,-0.5020573139190674,-0.4020242393016815,-0.9116496443748474,0,0
3269,661,-0.5138366222381592,-0.4131932854652405,-0.9181190729141235,0,0
3286,662,-0.5209774971008301,-0.4176486730575562,-0.9371004104614258,0,0
3286,663,-0.5250056982040405,-0.4308928549289703,-0.9647482633590698,0,0
3286,664,-0.527996301651001,-0.4479820728302002,-0.9898328185081482,0,0
3286,665,-0.5225643515586853,-0.4741652309894562,-1.018091082572937,0,0
3299,666,-0.5102967023849487,-0.4997990429401398,-1.04158878326416,0,0
3299,667,-0.4833201467990875,-0.5237849950790405,-1.054832935333252,0,0
3313,668,-0.4459069073200226,-0.5490526556968689,-1.064354062080383,0,0
3313,669,-0.4073340892791748,-0.5705362558364868,-1.066734313964844,0,0
3313,670,-0.3700429499149323,-0.5798133015632629,-1.057701468467712,0,0
3316,671,-0.3292118906974793,-0.5718179941177368,-1.031640410423279,0,0
3364,672,-0.2892352938652039,-0.5562545657157898,-1.004114627838135,0,0
3364,673,-0.2438267469406128,-0.5359916090965271,-0.9795792698860169,0,0
3364,674,-0.1958548277616501,-0.5240291357040405,-0.9605979919433594,0,0
3365,675,-0.1577092260122299,-0.5105408430099487,-0.9573632478713989,0,0
3365,676,-0.1270096302032471,-0.4906441271305084,-0.9604759812355042,0,0
3365,677,-0.09838516265153885,-0.4698318839073181,-0.9611473083496094,0,0
3366,678,-0.07513159513473511,-0.4506675004959106,-0.9674947261810303,0,0
3366,679,-0.05633343756198883,-0.4317472875118256,-0.9702412486076355,0,0
3366,680,-0.04504233598709106,-0.4073340892791748,-0.9582788348197937,0,0
3366,681,-0.04382167756557465,-0.3757190108299255,-0.936001718044281,0,0
3398,682,-0.05297662317752838,-0.3449583947658539,-0.9099406599998474,0,0
3398,683,-0.07415506988763809,-0.3074231147766113,-0.8831472396850586,0,0
3398,684,-0.1035729572176933,-0.2720239758491516,-0.8535462021827698,0,0
3398,685,-0.1455026268959045,-0.2377234548330307,-0.8276071548461914,0,0
3399,686,-0.1917656064033508,-0.2094041556119919,-0.8006306290626526,0,0
3399,687,-0.2363196760416031,-0.1923149079084396,-0.7769498229026794,0,0
3438,688,-0.2805075645446777,-0.176751509308815,-0.7607150077819824,0,0
3438,689,-0.3178597688674927,-0.1644838750362396,-0.7490577101707459,0,0
3438,690,-0.3502682745456696,-0.1599674373865128,-0.744297206401825,0,0
3438,691,-0.3803575038909912,-0.1550237536430359,-0.7450295686721802,0,0
3438,692,-0.405197948217392,-0.148859441280365,-0.7537572979927063,0,0
3438,693,-0.4232026636600494,-0.1409251391887665,-0.7653535008430481,0,0
3438,694,-0.4396205544471741,-0.1371411085128784,-0.7782925367355347,0,0
3438,695,-0.4535360634326935,-0.1334791332483292,-0.7962362170219421,0,0
3471,696,-0.4612261950969696,-0.1279251128435135,-0.825348973274231,0,0
3472,697,-0.4644609689712524,-0.1260330975055695,-0.855865478515625,0,0
3472,698,-0.4648882150650024,-0.1294509470462799,-0.8827810287475586,0,0
3472,699,-0.4614093005657196,-0.1287185400724411,-0.9111613631248474,0,0
3472,700,-0.4534750580787659,-0.1270096302032471,-0.9345979690551758,0,0
3473,701,-0.4461510479450226,-0.1234086826443672,-0.9512600302696228,0,0
3473,702,-0.4410853385925293,-0.1174274459481239,-0.9679220318794251,0,0
3508,703,-0.4377285242080689,-0.1046715527772903,-0.9785416722297669,0,0
3508,704,-0.4392543435096741,-0.08465274423360825,-0.9818375110626221,0,0
3508,705,-0.4418177604675293,-0.06640388071537018,-0.9842787981033325,0,0
3508,706,-0.4478599727153778,-0.04943671450018883,-0.9886122345924377,0,0
3508,707,-0.461287260055542,-0.03503292798995972,-0.9792741537094116,0,0
3508,708,-0.4799022972583771,-0.02569488249719143,-0.9689595103263855,0,0
3508,709,-0.4964422285556793,-0.01739439927041531,-0.9531520009040833,0,0
3509,710,-0.5167662501335144,-0.007812221068888903,-0.9400299787521362,0,0
3545,711,-0.5361136794090271,-0.003112681908532977,-0.9253820776939392,0,0
3545,712,-0.5557663440704346,-0.002563385060057044,-0.9105509519577026,0,0
3545,713,-0.5760902762413025,-0.002258220221847296,-0.8940110802650452,0,0
3546,714,-0.59501051902771,-0.0004882638168055564,-0.8834523558616638,0,0
3546,715,-0.6077053546905518,-0.005859165918081999,-0.8732598423957825,0,0
3546,716,-0.6177147626876831,-0.01519721187651157,-0.8518982529640198,0,0
3546,717,-0.6296162009239197,-0.01641787216067314,-0.8355414867401123,0,0
3571,718,-0.6410903930664063,-0.01226762868463993,-0.8176587820053101,0,0
3571,719,-0.6500012278556824,-0.00726292422041297,-0.8006306290626526,0,0
3571,720,-0.6544566154479981,0.0001830989349400625,-0.7897667288780212,0,0
3571,721,-0.6534801125526428,0.009521144442260265,-0.7832972407341003,0,0
3571,722,-0.6510998010635376,0.01971365325152874,-0.7756681442260742,0,0
3588,723,-0.6479260921478272,0.03143198415637016,-0.7767667174339294,0,0
3589,724,-0.6445692777633667,0.04522543400526047,-0.7792690992355347,0,0
3589,725,-0.6383439302444458,0.05840855836868286,-0.7766446471214294,0,0
3589,726,-0.6336443424224854,0.07281234115362167,-0.7818934917449951,0,0
3628,727,-0.6304096579551697,0.08422550559043884,-0.7863488793373108,0,0
3628,728,-0.6269307732582092,0.09545557945966721,-0.7908042669296265,0,0
3628,729,-0.6222922205924988,0.105403944849968,-0.7951986789703369,0,0
3628,730,-0.6175926923751831,0.1149250939488411,-0.7975789308547974,0,0
3628,731,-0.6152123808860779,0.1191363781690598,-0.803438127040863,0,0
3628,732,-0.6136255860328674,0.1195636093616486,-0.8126540780067444,0,0
3628,733,-0.6128321290016174,0.1168171167373657,-0.8119217157363892,0,0
3628,734,-0.6110621690750122,0.110835887491703,-0.8150343894958496,0,0
3673,735,-0.6078884601593018,0.09997201710939407,-0.8181470632553101,0,0
3673,736,-0.6073391437530518,0.08727715909481049,-0.8215649127960205,0,0
3674,737,-0.6069118976593018,0.07513159513473511,-0.8201611638069153,0,0
3674,738,-0.6068509221076965,0.05517381429672241,-0.8244335055351257,0,0
3674,739,-0.6078274250030518,0.03936627134680748,-0.8278513550758362,0,0
3674,740,-0.6075832843780518,0.02563385106623173,-0.8259592652320862,0,0
3675,741,-0.6099025011062622,0.01086387038230896,-0.8145461082458496,0,0
3675,742,-0.6120997071266174,-0.001342725590802729,-0.8081986904144287,0,0
3675,743,-0.6168603301048279,-0.01232866197824478,-0.7993488907814026,0,0
3707,744,-0.6216208934783936,-0.02050708048045635,-0.7915366888046265,0,0
3707,745,-0.6292499899864197,-0.02825826779007912,-0.7802456021308899,0,0
3707,746,-0.6370012164115906,-0.0338122695684433,-0.7711516618728638,0,0
3707,747,-0.6453016400337219,-0.03527706116437912,-0.7634004950523377,0,0
3707,748,-0.6512218713760376,-0.03582635521888733,-0.7516821622848511,0,0
3707,749,-0.6567758321762085,-0.03466673195362091,-0.7491798400878906,0,0
3707,750,-0.6641608476638794,-0.03564325720071793,-0.7380107641220093,0,0
3766,751,-0.6709355711936951,-0.03649772331118584,-0.7287948131561279,0,0
3766,752,-0.6750857830047607,-0.03314090892672539,-0.7196398377418518,0,0
3766,753,-0.6834473013877869,-0.02856343239545822,-0.70737224817276,0,0
3766,754,-0.692541241645813,-0.02709864266216755,-0.7037102580070496,0,0
3767,755,-0.6979120969772339,-0.02569488249719143,-0.6998651623725891,0,0
3767,756,-0.7005365490913391,-0.02270426787436009,-0.7026116251945496,0,0
3767,757,-0.7010858058929443,-0.01592960767447949,-0.7027947306632996,0,0
3767,758,-0.7017571926116943,-0.01080283708870411,-0.7052971124649048,0,0
3767,759,-0.7042595148086548,-0.002624417888000608,-0.70633465051651,0,0
3767,760,-0.70560222864151,-0.0001830989349400625,-0.6988275647163391,0,0
3767,761,-0.7114003896713257,0.003356813918799162,-0.6937618851661682,0,0
3767,762,-0.7143910527229309,0.003906110534444451,-0.6833862662315369,0,0
3824,763,-0.7201281189918518,0.005737100262194872,-0.6849730610847473,0,0
3825,764,-0.7261703610420227,0.008605649694800377,-0.6792359948158264,0,0
3825,765,-0.7308088541030884,0.01245072763413191,-0.6810669898986816,0,0
3825,766,-0.7355083823204041,0.01519721187651157,-0.6855834722518921,0,0
3826,767,-0.7325788140296936,0.01190143078565598,-0.6941890716552734,0,0
3826,768,-0.7487525939941406,0.0239249262958765,-0.6871702671051025,0,0
3826,769,-0.7576634287834168,0.04504233598709106,-0.6809449195861816,0,0
3826,770,-0.7671845555305481,0.06573252379894257,-0.7017571926116943,0,0
3827,771,-0.7775601744651794,0.07793910801410675,-0.7123158574104309,0,0
3827,772,-0.7898887991905212,0.08202832192182541,-0.7093862891197205,0,0
3827,773,-0.7995319962501526,0.0878264531493187,-0.6968135237693787,0,0
3827,774,-0.8077104687690735,0.09100016951560974,-0.6841796636581421,0,0
3886,775,-0.8154616355895996,0.09197670221328735,-0.6736820340156555,0,0
3886,776,-0.8290719389915466,0.09716450423002243,-0.6713017225265503,0,0
3886,777,-0.8314523100852966,0.09399078786373138,-0.6662970185279846,0,0
3886,778,-0.8314523100852966,0.09325838834047318,-0.6598275303840637,0,0
3886,779,-0.8304147124290466,0.0878874883055687,-0.6526256203651428,0,0
3886,780,-0.8276071548461914,0.0811128243803978,-0.6493298411369324,0,0
3887,781,-0.8295602202415466,0.07793910801410675,-0.6427993178367615,0,0
3887,782,-0.8300484418869019,0.07262924313545227,-0.6459120512008667,0,0
3887,783,-0.8285226821899414,0.06695318222045898,-0.6545176506042481,0,0
3887,784,-0.8261423707008362,0.06048368290066719,-0.6590341329574585,0,0
3887,785,-0.8222362399101257,0.04992497712373734,-0.6642218828201294,0,0
3887,786,-0.8179029822349548,0.03509396314620972,-0.6682500839233398,0,0
3952,787,-0.8121658563613892,0.02087327837944031,-0.6708744764328003,0,0
3952,788,-0.8055742979049683,0.004089209251105785,-0.6719120740890503,0,0
3952,789,-0.7951986789703369,-0.0132441557943821,-0.676489531993866,0,0
3952,790,-0.787264347076416,-0.02801413647830486,-0.6736820340156555,0,0
3952,791,-0.7812221646308899,-0.04119725897908211,-0.6734989285469055,0,0
3953,792,-0.7757901549339294,-0.05077943578362465,-0.675635039806366,0,0
3953,793,-0.773409903049469,-0.06188743934035301,-0.6757571697235107,0,0
3953,794,-0.7675507068634033,-0.07055412232875824,-0.6788087487220764,0,0
3953,795,-0.7644380927085877,-0.07677948474884033,-0.6813721656799316,0,0
3954,796,-0.7585788369178772,-0.08648373186588287,-0.6877195835113525,0,0
3954,797,-0.7572361826896668,-0.09966685622930527,-0.6945552825927734,0,0
3954,798,-0.7592502236366272,-0.1080894097685814,-0.7001093029975891,0,0
3955,799,-0.7601657509803772,-0.1135823726654053,-0.7006585597991943,0,0
3955,800,-0.7592502236366272,-0.1215776950120926,-0.7028557658195496,0,0
3988,801,-0.757968544960022,-0.1275589168071747,-0.7009637355804443,0,0
3988,802,-0.757907509803772,-0.1351270228624344,-0.7040764093399048,0,0
3988,803,-0.757602334022522,-0.1383617669343948,-0.7011468410491943,0,0
3988,804,-0.7593112587928772,-0.1406199783086777,-0.7013299465179443,0,0
3988,805,-0.7590671181678772,-0.1428781896829605,-0.7021843791007996,0,0
3988,806,-0.7605929970741272,-0.1444040387868881,-0.70688396692276,0,0
3989,807,-0.7608981132507324,-0.1434885263442993,-0.7151234149932861,0,0
4028,808,-0.7618136405944824,-0.1388500183820725,-0.721104621887207,0,0
4028,809,-0.7642549872398377,-0.1350049525499344,-0.7272689938545227,0,0
4028,810,-0.758945107460022,-0.1286575198173523,-0.7336164116859436,0,0
4028,811,-0.7551610469818115,-0.1268265247344971,-0.7380717992782593,0,0
4028,812,-0.7516211271286011,-0.124751403927803,-0.7364849448204041,0,0
4028,813,-0.7466774582862854,-0.1221880242228508,-0.7332502007484436,0,0
4029,814,-0.7391704320907593,-0.1201739385724068,-0.7312971353530884,0,0
4029,815,-0.7344708442687988,-0.1188922449946404,-0.7260483503341675,0,0
4051,816,-0.7277572751045227,-0.1152912899851799,-0.7240952253341675,0,0
4051,817,-0.7237900495529175,-0.1101034954190254,-0.7200670838356018,0,0
4051,818,-0.7187243103981018,-0.1083945706486702,-0.7147572040557861,0,0
4051,819,-0.7176257371902466,-0.1047325879335403,-0.70657879114151,0,0
4066,820,-0.7143910527229309,-0.1043053567409515,-0.7018792629241943,0,0
4066,821,-0.7150623798370361,-0.1003382131457329,-0.7048088312149048,0,0
4066,822,-0.7157947421073914,-0.09582177549600601,-0.7051750421524048,0,0
4082,823,-0.7137807011604309,-0.09112223982810974,-0.7046257257461548,0,0
4082,824,-0.7139027714729309,-0.0881316214799881,-0.7093253135681152,0,0
4082,825,-0.7150623798370361,-0.08562926948070526,-0.70645672082901,0,0
4082,826,-0.7166492342948914,-0.08392034471035004,-0.7054802179336548,0,0
4100,827,-0.7181140184402466,-0.08257761597633362,-0.70602947473526,0,0
4100,828,-0.721714973449707,-0.08001423627138138,-0.7044426798820496,0,0
4100,829,-0.7228135466575623,-0.07568088918924332,-0.6998041272163391,0,0
4135,830,-0.7262924313545227,-0.07543676346540451,-0.6943721771240234,0,0
4135,831,-0.7299544215202332,-0.0745823010802269,-0.6892454028129578,0,0
4135,832,-0.7346539497375488,-0.07244614511728287,-0.6858885884284973,0,0
4135,833,-0.7358136177062988,-0.07171374559402466,-0.6872923374176025,0,0
4135,834,-0.7402690052986145,-0.06921139359474182,-0.6874755024909973,0,0
4136,835,-0.7413065433502197,-0.06719730794429779,-0.6866210103034973,0,0
4136,836,-0.7460671067237854,-0.06445082277059555,-0.6864379048347473,0,0
4155,837,-0.7465553879737854,-0.06280293315649033,-0.6828979849815369,0,0
4155,838,-0.7451516389846802,-0.06390152871608734,-0.6814942359924316,0,0
4155,839,-0.7487525939941406,-0.0610940121114254,-0.6847900152206421,0,0
4155,840,-0.7505224943161011,-0.06072781607508659,-0.6879637241363525,0,0
4168,841,-0.7499122023582459,-0.06255879998207092,-0.691930890083313,0,0
4168,842,-0.7462502121925354,-0.06359636038541794,-0.6929073929786682,0,0
4168,843,-0.743015468120575,-0.06475599110126495,-0.6935177445411682,0,0
4181,844,-0.742283046245575,-0.06835693866014481,-0.6946163177490234,0,0
4181,845,-0.7407572269439697,-0.07067618519067764,-0.6973017454147339,0,0
4181,846,-0.7389873266220093,-0.07659638673067093,-0.6958979964256287,0,0
4195,847,-0.7364849448204041,-0.08221141993999481,-0.6950435638427734,0,0
4196,848,-0.7349591255187988,-0.08703302592039108,-0.6994379162788391,0,0
4212,849,-0.7344098091125488,-0.09338045865297318,-0.7024896144866943,0,0
4212,850,-0.7331281304359436,-0.1005823463201523,-0.7045036554336548,0,0
4212,851,-0.7288558483123779,-0.1111410558223724,-0.7103628516197205,0,0
4212,852,-0.7267807126045227,-0.118831217288971,-0.7096914649009705,0,0
4225,853,-0.7245224714279175,-0.1289626806974411,-0.7141469120979309,0,0
4225,854,-0.7237900495529175,-0.1406199783086777,-0.7205553650856018,0,0
4237,855,-0.7196398377418518,-0.1456857174634934,-0.721776008605957,0,0
4237,856,-0.7179919481277466,-0.1544134318828583,-0.721592903137207,0,0
4238,857,-0.7150623798370361,-0.1583805829286575,-0.7225694060325623,0,0
4272,858,-0.7123768925666809,-0.1645449101924896,-0.7196398377418518,0,0
4272,859,-0.7121327519416809,-0.1672303527593613,-0.7154285907745361,0,0
4272,860,-0.7093862891197205,-0.1685730814933777,-0.7129872441291809,0,0
4273,861,-0.7072501182556152,-0.1694885790348053,-0.7121937870979309,0,0
4273,862,-0.70602947473526,-0.1697937548160553,-0.7156116962432861,0,0
4273,863,-0.7040764093399048,-0.1716857701539993,-0.7160999774932861,0,0
4274,864,-0.7030388712882996,-0.1690003275871277,-0.7117055058479309,0,0
4314,865,-0.7029168009757996,-0.1688782572746277,-0.7126821279525757,0,0
4314,866,-0.70627361536026,-0.1543523967266083,-0.7281234264373779,0,0
4314,867,-0.70694500207901,-0.1585636734962463,-0.7202501893043518,0,0
4314,868,-0.7085928916931152,-0.1560002863407135,-0.7082877159118652,0,0
4315,869,-0.7081046104431152,-0.148859441280365,-0.7103018164634705,0,0
4315,870,-0.70663982629776,-0.1409861743450165,-0.7098745703697205,0,0
4315,871,-0.7099966406822205,-0.1353101134300232,-0.7131093144416809,0,0
4315,872,-0.7143910527229309,-0.1291457712650299,-0.7158558368682861,0,0
4315,873,-0.7178698778152466,-0.1233476474881172,-0.7186633348464966,0,0
4345,874,-0.7250717878341675,-0.1144368350505829,-0.721165657043457,0,0
4345,875,-0.7281844615936279,-0.1046715527772903,-0.7191515564918518,0,0
4345,876,-0.7355083823204041,-0.09649313241243362,-0.721776008605957,0,0
4345,877,-0.7406352162361145,-0.08947434276342392,-0.7240952253341675,0,0
4345,878,-0.7452126145362854,-0.08031939715147018,-0.7239732146263123,0,0
4346,879,-0.7481422424316406,-0.07323957234621048,-0.7296492457389832,0,0
4369,880,-0.7513769865036011,-0.06615974754095078,-0.7242783308029175,0,0
4369,881,-0.7522925138473511,-0.05877475440502167,-0.7243393659591675,0,0
4369,882,-0.7538793683052063,-0.05389212071895599,-0.7223863005638123,0,0
4370,883,-0.7532079815864563,-0.04955877736210823,-0.7239121794700623,0,0
4370,884,-0.7504004836082459,-0.04638506472110748,-0.7265365719795227,0,0
4394,885,-0.7469826340675354,-0.04473717138171196,-0.7256820797920227,0,0
4394,886,-0.742954432964325,-0.04424890875816345,-0.7264755368232727,0,0
4394,887,-0.7356914877891541,-0.04571370035409927,-0.7286726832389832,0,0
4394,888,-0.7275741696357727,-0.04931464791297913,-0.7312971353530884,0,0
4394,889,-0.7181750535964966,-0.05261042341589928,-0.7330060601234436,0,0
4409,890,-0.7088370323181152,-0.05505174770951271,-0.7334333062171936,0,0
4409,891,-0.6990106701850891,-0.05901888757944107,-0.7310529947280884,0,0
4409,892,-0.6894285082817078,-0.06469495594501495,-0.7349591255187988,0,0
4419,893,-0.6829590201377869,-0.06615974754095078,-0.7374614477157593,0,0
4419,894,-0.6747195720672607,-0.07275131344795227,-0.7372784018516541,0,0
4426,895,-0.6670294404029846,-0.07696258276700974,-0.7377666234970093,0,0
4433,896,-0.6598275303840637,-0.08428654074668884,-0.7375225424766541,0,0
4433,897,-0.6540293693542481,-0.08691096305847168,-0.7352032661437988,0,0
4445,898,-0.6478040218353272,-0.09435698390007019,-0.7354473471641541,0,0
4445,899,-0.6432265639305115,-0.09759173542261124,-0.7370952963829041,0,0
4462,900,-0.6378556489944458,-0.1015588715672493,-0.7348370552062988,0,0
4463,901,-0.6346209049224854,-0.1041222587227821,-0.7315412759780884,0,0
4463,902,-0.6318134069442749,-0.1062584221363068,-0.7307478785514832,0,0
4464,903,-0.6292499899864197,-0.1072959825396538,-0.7301375269889832,0,0
4497,904,-0.6271749138832092,-0.1106527894735336,-0.7305037379264832,0,0
4497,905,-0.6254048943519592,-0.1155354231595993,-0.7295882105827332,0,0
4497,906,-0.623940110206604,-0.1160847172141075,-0.7253159284591675,0,0
4497,907,-0.6225973963737488,-0.1169391795992851,-0.7270858883857727,0,0
4497,908,-0.6258321404457092,-0.1168171167373657,-0.7309919595718384,0,0
4497,909,-0.6286396980285645,-0.1148030310869217,-0.7339215874671936,0,0
4497,910,-0.6323016881942749,-0.1132772043347359,-0.7345318794250488,0,0
4513,911,-0.6347429752349854,-0.1116293147206307,-0.7366680502891541,0,0
4513,912,-0.639808714389801,-0.1114462167024612,-0.7394755482673645,0,0
4513,913,-0.6453626751899719,-0.1127279102802277,-0.7403299808502197,0,0
4535,914,-0.6495739817619324,-0.1084556058049202,-0.743076503276825,0,0
4535,915,-0.6524425745010376,-0.1043053567409515,-0.7437478303909302,0,0
4535,916,-0.6573861837387085,-0.09960582107305527,-0.7491798400878906,0,0
4535,917,-0.6625739932060242,-0.09539454430341721,-0.7594333291053772,0,0
4592,918,-0.6688603758811951,-0.08971847593784332,-0.7567479014396668,0,0
4593,919,-0.6734989285469055,-0.08404240757226944,-0.7546727657318115,0,0
4593,920,-0.6803956627845764,-0.07800014317035675,-0.7560765147209168,0,0
4593,921,-0.6862547993659973,-0.07360577583312988,-0.757907509803772,0,0
4593,922,-0.690282940864563,-0.06634285300970078,-0.756869912147522,0,0
4593,923,-0.6939449310302734,-0.05828649178147316,-0.758762001991272,0,0
4593,924,-0.6980341672897339,-0.05254939198493958,-0.757541298866272,0,0
4593,925,-0.7015740871429443,-0.04632402956485748,-0.7546117305755615,0,0
4593,926,-0.7049309015274048,-0.03869490697979927,-0.7525976896286011,0,0
4593,927,-0.7083487510681152,-0.03600945696234703,-0.7478981018066406,0,0
4593,928,-0.7113393545150757,-0.02996719256043434,-0.7469215393066406,0,0
4593,929,-0.7106679677963257,-0.02722070924937725,-0.7477150559425354,0,0
4621,930,-0.7135975360870361,-0.02526765316724777,-0.7455788850784302,0,0
4621,931,-0.7121937870979309,-0.02252116799354553,-0.7417337894439697,0,0
4621,932,-0.7118276357650757,-0.02514558658003807,-0.7370342612266541,0,0
4621,933,-0.7088370323181152,-0.02423009276390076,-0.7400858998298645,0,0
4622,934,-0.70712810754776,-0.02563385106623173,-0.7396586537361145,0,0
4622,935,-0.7072501182556152,-0.02856343239545822,-0.7350201606750488,0,0
4650,936,-0.7013909816741943,-0.03069958835840225,-0.7425882816314697,0,0
4655,937,-0.6999261975288391,-0.03466673195362091,-0.7455178499221802,0,0
4655,938,-0.6973017454147339,-0.03777941316366196,-0.7492408156394959,0,0
4656,939,-0.6965083479881287,-0.04125829413533211,-0.7508277297019959,0,0
4657,940,-0.6974848508834839,-0.04614093154668808,-0.7530248761177063,0,0
4658,941,-0.6932125687599182,-0.05145080015063286,-0.7538183331489563,0,0
4659,942,-0.6908323168754578,-0.05560104176402092,-0.7549779415130615,0,0
4700,943,-0.6887571811676025,-0.06017851829528809,-0.7545506954193115,0,0
4700,944,-0.6877195835113525,-0.06475599110126495,-0.7548558712005615,0,0
4700,945,-0.6852782964706421,-0.06823486834764481,-0.7547338008880615,0,0
4700,946,-0.6864379048347473,-0.07201891392469406,-0.7561375498771668,0,0
4700,947,-0.6863768696784973,-0.07409403473138809,-0.7550389766693115,0,0
4700,948,-0.6871702671051025,-0.07867150753736496,-0.7566868662834168,0,0
4700,949,-0.6843017935752869,-0.07952596992254257,-0.7514380216598511,0,0
4700,950,-0.6866210103034973,-0.08276071399450302,-0.7467384934425354,0,0
4700,951,-0.6882688999176025,-0.08245555311441422,-0.743808925151825,0,0
4712,952,-0.6866210103034973,-0.08239451795816422,-0.7464943528175354,0,0
4712,953,-0.690282940864563,-0.08184522390365601,-0.7425882816314697,0,0
4725,954,-0.6894895434379578,-0.08190625905990601,-0.744297206401825,0,0
4725,955,-0.6902219653129578,-0.07909873872995377,-0.7404521107673645,0,0
4725,956,-0.690282940864563,-0.07659638673067093,-0.7349591255187988,0,0
4741,957,-0.690771222114563,-0.07610812038183212,-0.7347149848937988,0,0
4741,958,-0.691503643989563,-0.07568088918924332,-0.7311750650405884,0,0
4741,959,-0.6898557543754578,-0.07531469315290451,-0.7275131344795227,0,0
4750,960,-0.6889402866363525,-0.07610812038183212,-0.7234849333763123,0,0
4750,961,-0.6900388598442078,-0.07250718027353287,-0.721714973449707,0,0
4758,962,-0.6893675327301025,-0.06854003667831421,-0.721104621887207,0,0
4766,963,-0.690893292427063,-0.06646491587162018,-0.7195177674293518,0,0
4766,964,-0.690527081489563,-0.06591562181711197,-0.7192736864089966,0,0
4773,965,-0.691137433052063,-0.06457288563251495,-0.7209826111793518,0,0
4781,966,-0.691320538520813,-0.06353533267974854,-0.722020149230957,0,0
4782,967,-0.690710186958313,-0.06280293315649033,-0.7191515564918518,0,0
4793,968,-0.6930904984474182,-0.05926301702857018,-0.7189684510231018,0,0
4793,969,-0.6949214935302734,-0.05987335368990898,-0.721043586730957,0,0
4800,970,-0.6946773529052734,-0.0607888475060463,-0.7179919481277466,0,0
4801,971,-0.6970576047897339,-0.060910914093256,-0.7123158574104309,0,0
4809,972,-0.6987665295600891,-0.06231467053294182,-0.7137196660041809,0,0
4809,973,-0.7023065090179443,-0.06402359157800674,-0.7120717763900757,0,0
4816,974,-0.7042595148086548,-0.06506115198135376,-0.7146961688995361,0,0
4822,975,-0.70645672082901,-0.06670904904603958,-0.7134755253791809,0,0
4834,976,-0.70596843957901,-0.0681738406419754,-0.7141469120979309,0,0
4834,977,-0.7098745703697205,-0.06872313469648361,-0.7126210331916809,0,0
4834,978,-0.7124379277229309,-0.0676855742931366,-0.7134144902229309,0,0
4847,979,-0.7132313847541809,-0.06738040596246719,-0.7151234149932861,0,0
4847,980,-0.7129262685775757,-0.06695318222045898,-0.7133534550666809,0,0
4856,981,-0.7121937870979309,-0.06963862478733063,-0.7163440585136414,0,0
4856,982,-0.7121327519416809,-0.07317854464054108,-0.720616340637207,0,0
4866,983,-0.7128651738166809,-0.0743381679058075,-0.7234849333763123,0,0
4866,984,-0.7120107412338257,-0.07409403473138809,-0.7237900495529175,0,0
4874,985,-0.7128651738166809,-0.07708464562892914,-0.7225083708763123,0,0
4874,986,-0.7152454853057861,-0.07983113825321198,-0.7247055768966675,0,0
4881,987,-0.7147572040557861,-0.08056353032588959,-0.7276961803436279,0,0
4887,988,-0.7154285907745361,-0.08062456548213959,-0.7290389537811279,0,0
4895,989,-0.7159168124198914,-0.07964804023504257,-0.7303816080093384,0,0
4895,990,-0.7160388827323914,-0.08080766350030899,-0.7305647134780884,0,0
4901,991,-0.7193956971168518,-0.07922080904245377,-0.7273300290107727,0,0
4906,992,-0.7189684510231018,-0.07830531150102615,-0.7295271754264832,0,0
4911,993,-0.7188464403152466,-0.07549779117107391,-0.7308698892593384,0,0
4916,994,-0.7194567322731018,-0.0750095322728157,-0.7272689938545227,0,0
4921,995,-0.7184801697731018,-0.07610812038183212,-0.722691535949707,0,0
4928,996,-0.721470832824707,-0.0748264342546463,-0.7229356169700623,0,0
4928,997,-0.7196398377418518,-0.07580295950174332,-0.7235459685325623,0,0
4936,998,-0.7205553650856018,-0.07330060750246048,-0.7239121794700623,0,0
4942,999,-0.720860481262207,-0.07397197186946869,-0.7259872555732727,0,0
4942,1000,-0.722264289855957,-0.07348370552062988,-0.722264289855957,0,0
4947,1001,-0.7221421599388123,-0.07366680353879929,-0.7226304411888123,0,0
4952,1002,-0.721837043762207,-0.0745212659239769,-0.7242783308029175,0,0
4961,1003,-0.7225694060325623,-0.07647431641817093,-0.7230576872825623,0,0
4967,1004,-0.721043586730957,-0.07647431641817093,-0.721348762512207,0,0
4967,1005,-0.721043586730957,-0.07806117832660675,-0.720616340637207,0,0
4972,1006,-0.7188464403152466,-0.07800014317035675,-0.721776008605957,0,0
4977,1007,-0.7181750535964966,-0.07647431641817093,-0.7250717878341675,0,0
4984,1008,-0.7178698778152466,-0.07543676346540451,-0.721470832824707,0,0
4991,1009,-0.7167713046073914,-0.07604709267616272,-0.721714973449707,0,0
4991,1010,-0.7156116962432861,-0.07665742188692093,-0.720860481262207,0,0
5008,1011,-0.7163440585136414,-0.07397197186946869,-0.720799446105957,0,0
5008,1012,-0.7151844501495361,-0.07342267036437988,-0.721165657043457,0,0
5009,1013,-0.7153675556182861,-0.07214098423719406,-0.7240341901779175,0,0
5034,1014,-0.7127431035041809,-0.07122547924518585,-0.7234849333763123,0,0
5034,1015,-0.7145130634307861,-0.07067618519067764,-0.7237900495529175,0,0
5034,1016,-0.7090200781822205,-0.07128651440143585,-0.7242783308029175,0,0
5035,1017,-0.7090200781822205,-0.07128651440143585,-0.7242783308029175,0,0
5035,1018,-0.70694500207901,-0.07201891392469406,-0.7245835065841675,0,0
5085,1019,-0.70554119348526,-0.07244614511728287,-0.7242172956466675,0,0
5085,1020,-0.7041374444961548,-0.07305647432804108,-0.7279403209686279,0,0
5086,1021,-0.7037712931632996,-0.06988275796175003,-0.7285506725311279,0,0
5086,1022,-0.7040154337882996,-0.06664801388978958,-0.7269637584686279,0,0
5087,1023,-0.7015130519866943,-0.06921139359474182,-0.7260483503341675,0,0
5087,1024,-0.7005975842475891,-0.06902829557657242,-0.7262313961982727,0,0
5087,1025,-0.7012689113616943,-0.0679907351732254,-0.7244614362716675,0,0
5088,1026,-0.7008417248725891,-0.06756351143121719,-0.7231187224388123,0,0
5088,1027,-0.6997430920600891,-0.067868672311306,-0.722691535949707,0,0
5088,1028,-0.6979731321334839,-0.06750247627496719,-0.7282454967498779,0,0
5089,1029,-0.6979120969772339,-0.06670904904603958,-0.7267807126045227,0,0
5112,1030,-0.7002924084663391,-0.06573252379894257,-0.7294661998748779,0,0
5112,1031,-0.6974848508834839,-0.06591562181711197,-0.7317243814468384,0,0
5112,1032,-0.6963862776756287,-0.06561044603586197,-0.7303206324577332,0,0
5112,1033,-0.6991328001022339,-0.06500011682510376,-0.7357525229454041,0,0
5112,1034,-0.6983392834663391,-0.06640388071537018,-0.7353863716125488,0,0
5131,1035,-0.6993768811225891,-0.06524424999952316,-0.7328229546546936,0,0
5131,1036,-0.7005365490913391,-0.06524424999952316,-0.7339825630187988,0,0
5131,1037,-0.7010248303413391,-0.06475599110126495,-0.7340435981750488,0,0
5131,1038,-0.7011468410491943,-0.06481701880693436,-0.7367290258407593,0,0
5143,1039,-0.7021843791007996,-0.06341326236724854,-0.7380107641220093,0,0
5143,1040,-0.70602947473526,-0.06060574948787689,-0.7352642416954041,0,0
5154,1041,-0.7052360773086548,-0.05816442519426346,-0.7374614477157593,0,0
5154,1042,-0.70639568567276,-0.05584517493844032,-0.742527186870575,0,0
5164,1043,-0.7049309015274048,-0.05584517493844032,-0.7406352162361145,0,0
5164,1044,-0.7068228721618652,-0.0541362538933754,-0.7409403324127197,0,0
5183,1045,-0.7068228721618652,-0.05279352143406868,-0.7416727542877197,0,0
5184,1046,-0.7054802179336548,-0.05389212071895599,-0.7416727542877197,0,0
5184,1047,-0.7056633234024048,-0.05273249000310898,-0.7403299808502197,0,0
5184,1048,-0.7045646905899048,-0.05334282666444778,-0.7375835180282593,0,0
5184,1049,-0.7045646905899048,-0.05328179150819778,-0.7370342612266541,0,0
5220,1050,-0.7035881876945496,-0.05206112936139107,-0.7394755482673645,0,0
5221,1051,-0.7045036554336548,-0.05090150237083435,-0.7361797690391541,0,0
5221,1052,-0.7023065090179443,-0.05132873356342316,-0.7399638295173645,0,0
5221,1053,-0.7004754543304443,-0.05120666697621346,-0.7378276586532593,0,0
5221,1054,-0.6987055540084839,-0.05267145857214928,-0.7397196888923645,0,0
5221,1055,-0.6988886594772339,-0.05206112936139107,-0.7400858998298645,0,0
5221,1056,-0.6968135237693787,-0.05175596475601196,-0.7397196888923645,0,0
5244,1057,-0.6967524886131287,-0.0540141873061657,-0.7393534779548645,0,0
5245,1058,-0.6967524886131287,-0.0543193519115448,-0.7396586537361145,0,0
5245,1059,-0.6946773529052734,-0.0546245165169239,-0.7414286136627197,0,0
5245,1060,-0.6939449310302734,-0.05578414350748062,-0.7413675785064697,0,0
5245,1061,-0.6934566497802734,-0.05669963732361794,-0.7384990453720093,0,0
5264,1062,-0.6893064379692078,-0.05993438512086868,-0.7385600805282593,0,0
5265,1063,-0.6864379048347473,-0.06030058488249779,-0.7403910756111145,0,0
5265,1064,-0.6829590201377869,-0.06329119950532913,-0.7393534779548645,0,0
5265,1065,-0.6811890602111816,-0.06243673712015152,-0.742283046245575,0,0
5292,1066,-0.6791139245033264,-0.06463392078876495,-0.743503749370575,0,0
5292,1067,-0.677710235118866,-0.06402359157800674,-0.744297206401825,0,0
5292,1068,-0.6776491403579712,-0.06274189800024033,-0.742649257183075,0,0
5292,1069,-0.676794707775116,-0.06268087029457092,-0.7454567551612854,0,0
5292,1070,-0.6797242760658264,-0.06603768467903137,-0.7448464632034302,0,0
5292,1071,-0.676245391368866,-0.06420668959617615,-0.7469215393066406,0,0
5303,1072,-0.6783205270767212,-0.06243673712015152,-0.7468605637550354,0,0
5303,1073,-0.6785646677017212,-0.06268087029457092,-0.7464333176612854,0,0
5316,1074,-0.6779543161392212,-0.05962922051548958,-0.7482643127441406,0,0
5316,1075,-0.6776491403579712,-0.06023954972624779,-0.7516821622848511,0,0
5329,1076,-0.6792970299720764,-0.06048368290066719,-0.7499732375144959,0,0
5329,1077,-0.6787477731704712,-0.06170434132218361,-0.7497901320457459,0,0
5329,1078,-0.6792970299720764,-0.06176537275314331,-0.7488746047019959,0,0
5338,1079,-0.6789919137954712,-0.06249776855111122,-0.7481422424316406,0,0
5338,1080,-0.6781984567642212,-0.06280293315649033,-0.7512549161911011,0,0
5349,1081,-0.676184356212616,-0.06353533267974854,-0.7522925138473511,0,0
5349,1082,-0.6757571697235107,-0.06445082277059555,-0.7507055997848511,0,0
5359,1083,-0.6752688884735107,-0.06323016434907913,-0.7509497404098511,0,0
5359,1084,-0.6736820340156555,-0.06396255642175674,-0.7525976896286011,0,0
5372,1085,-0.6749026775360107,-0.06438978761434555,-0.7522314190864563,0,0
5372,1086,-0.6722172498703003,-0.06335222721099854,-0.7525366544723511,0,0
5372,1087,-0.6731937527656555,-0.06402359157800674,-0.7541844844818115,0,0
5381,1088,-0.676733672618866,-0.06530528515577316,-0.7507055997848511,0,0
5389,1089,-0.676367461681366,-0.06371843069791794,-0.7529638409614563,0,0
5389,1090,-0.6788087487220764,-0.06286396831274033,-0.7478981018066406,0,0
5402,1091,-0.676733672618866,-0.06200950592756271,-0.7491187453269959,0,0
5402,1092,-0.6778932809829712,-0.05840855836868286,-0.7480201721191406,0,0
5402,1093,-0.6792970299720764,-0.05676066875457764,-0.7514380216598511,0,0
5411,1094,-0.6791750192642212,-0.0545634850859642,-0.7488135695457459,0,0
5411,1095,-0.6789919137954712,-0.05352592468261719,-0.7502173781394959,0,0
5423,1096,-0.6782594919204712,-0.04961981251835823,-0.7507055997848511,0,0
5423,1097,-0.677221953868866,-0.04699539393186569,-0.7488746047019959,0,0
5436,1098,-0.676855742931366,-0.04467613995075226,-0.7530248761177063,0,0
5436,1099,-0.676550567150116,-0.04406581073999405,-0.7506446242332459,0,0
5436,1100,-0.6745364665985107,-0.04253998771309853,-0.7528417706489563,0,0
5447,1101,-0.6749026775360107,-0.04028176516294479,-0.7545506954193115,0,0
5447,1102,-0.6734378933906555,-0.04247895255684853,-0.7566868662834168,0,0
5459,1103,-0.6703861951828003,-0.04192965477705002,-0.7572361826896668,0,0
5460,1104,-0.6692266464233398,-0.040953129529953,-0.7574803233146668,0,0
5473,1105,-0.6692876219749451,-0.04284515231847763,-0.758517861366272,0,0
5473,1106,-0.6689825057983398,-0.04113622754812241,-0.7596774697303772,0,0
5473,1107,-0.6710575819015503,-0.03930523991584778,-0.7558934092521668,0,0
5483,1108,-0.6709965467453003,-0.03893904015421867,-0.7543675899505615,0,0
5483,1109,-0.6697759032249451,-0.03753527998924255,-0.7593112587928772,0,0
5495,1110,-0.6700200438499451,-0.03655875474214554,-0.758456826210022,0,0
5495,1111,-0.6702031493186951,-0.03704701736569405,-0.7552831172943115,0,0
5533,1112,-0.6702031493186951,-0.03649772331118584,-0.7534521222114563,0,0
5533,1113,-0.6688603758811951,-0.03546015918254852,-0.7565037608146668,0,0
5533,1114,-0.6691655516624451,-0.03588739037513733,-0.7546117305755615,0,0
5533,1115,-0.6684331297874451,-0.03448363393545151,-0.7517431974411011,0,0
5534,1116,-0.6681890487670898,-0.03631462156772614,-0.7532079815864563,0,0
5534,1117,-0.6651984453201294,-0.03552119061350822,-0.7496680617332459,0,0
5535,1118,-0.6639167666435242,-0.03771838173270226,-0.7503394484519959,0,0
5535,1119,-0.6594002842903137,-0.03881697356700897,-0.7555272579193115,0,0
5535,1120,-0.6591561436653137,-0.04241792112588882,-0.7566868662834168,0,0
5562,1121,-0.6594613194465637,-0.04223482310771942,-0.757785439491272,0,0
5562,1122,-0.659949541091919,-0.04266205430030823,-0.758334755897522,0,0
5562,1123,-0.6581796407699585,-0.04369961097836494,-0.7615694999694824,0,0
5562,1124,-0.6594002842903137,-0.04626299813389778,-0.7614474296569824,0,0
5562,1125,-0.6598275303840637,-0.04791088774800301,-0.7627901434898377,0,0
5580,1126,-0.6603158116340637,-0.04516440257430077,-0.7614474296569824,0,0
5581,1127,-0.6590341329574585,-0.04620196670293808,-0.7646211385726929,0,0
5581,1128,-0.6631843447685242,-0.04473717138171196,-0.7648652791976929,0,0
5581,1129,-0.661963701248169,-0.04229585453867912,-0.7659028768539429,0,0
5618,1130,-0.6647101640701294,-0.04009866714477539,-0.7645601034164429,0,0
5618,1131,-0.6678838729858398,-0.03771838173270226,-0.7655976414680481,0,0
5618,1132,-0.6702031493186951,-0.03661978617310524,-0.758212685585022,0,0
5618,1133,-0.6724003553390503,-0.03332400694489479,-0.758884072303772,0,0
5619,1134,-0.6716068983078003,-0.03436156734824181,-0.7585788369178772,0,0
5619,1135,-0.6752688884735107,-0.03460569679737091,-0.7574803233146668,0,0
5619,1136,-0.6760013103485107,-0.03558222576975822,-0.7570530772209168,0,0
5620,1137,-0.6748416423797607,-0.03192024677991867,-0.7565647959709168,0,0
5651,1138,-0.675879180431366,-0.03198127821087837,-0.757297158241272,0,0
5651,1139,-0.6800904273986816,-0.03198127821087837,-0.7565647959709168,0,0
5652,1140,-0.6792970299720764,-0.0303333904594183,-0.7540624737739563,0,0
5652,1141,-0.6824707388877869,-0.03356814011931419,-0.7558323740959168,0,0
5652,1142,-0.6818604469299316,-0.03124888427555561,-0.7568089365959168,0,0
5652,1143,-0.6844848394393921,-0.030455457046628,-0.7568089365959168,0,0
5679,1144,-0.6858885884284973,-0.0306385550647974,-0.7565037608146668,0,0
5679,1145,-0.6863158345222473,-0.03137094900012016,-0.7596164345741272,0,0
5679,1146,-0.6875975131988525,-0.03149301558732987,-0.7591891884803772,0,0
5679,1147,-0.6872313618659973,-0.03442259877920151,-0.758639931678772,0,0
5680,1148,-0.6890012621879578,-0.03607049211859703,-0.7521094083786011,0,0
5680,1149,-0.6866210103034973,-0.03344607353210449,-0.7503394484519959,0,0
5696,1150,-0.6869872212409973,-0.03600945696234703,-0.7488135695457459,0,0
5696,1151,-0.6863768696784973,-0.03930523991584778,-0.7483863830566406,0,0
5696,1152,-0.6850341558456421,-0.03802354633808136,-0.7482032775878906,0,0
5718,1153,-0.6844848394393921,-0.03784044459462166,-0.7451516389846802,0,0
5718,1154,-0.6827759146690369,-0.03979350253939629,-0.7474098205566406,0,0
5718,1155,-0.6812500953674316,-0.04247895255684853,-0.7488135695457459,0,0
5718,1156,-0.6810059547424316,-0.04443200677633286,-0.7494239211082459,0,0
5718,1157,-0.6818604469299316,-0.04650713130831718,-0.7513160109519959,0,0
5735,1158,-0.6811890602111816,-0.04784985259175301,-0.7455788850784302,0,0
5735,1159,-0.6807008385658264,-0.04900948330760002,-0.7477150559425354,0,0
5735,1160,-0.6827148795127869,-0.04974187910556793,-0.7386821508407593,0,0
5752,1161,-0.6811280250549316,-0.05279352143406868,-0.7356305122375488,0,0
5752,1162,-0.6836913824081421,-0.05688273534178734,-0.7322126626968384,0,0
5752,1163,-0.6810669898986816,-0.05798132717609406,-0.7293440699577332,0,0
5768,1164,-0.6791139245033264,-0.05969025567173958,-0.7264755368232727,0,0
5768,1165,-0.677466094493866,-0.06207053735852242,-0.7287948131561279,0,0
5768,1166,-0.6723392605781555,-0.06646491587162018,-0.7371562719345093,0,0
5768,1167,-0.6677618026733398,-0.07006585597991943,-0.742222011089325,0,0
5795,1168,-0.6681280136108398,-0.07134754955768585,-0.7467995285987854,0,0
5795,1169,-0.6683721542358398,-0.0746433287858963,-0.7532690167427063,0,0
5795,1170,-0.6689214110374451,-0.07543676346540451,-0.757358193397522,0,0
5795,1171,-0.6730106472969055,-0.07696258276700974,-0.7597995400428772,0,0
5795,1172,-0.6737430095672607,-0.07671844959259033,-0.7590671181678772,0,0
5807,1173,-0.6741092801094055,-0.07769497483968735,-0.7556492686271668,0,0
5807,1174,-0.6726444363594055,-0.07665742188692093,-0.757785439491272,0,0
5807,1175,-0.6724613308906555,-0.0745823010802269,-0.7595553994178772,0,0
5820,1176,-0.6726444363594055,-0.0743992030620575,-0.7558934092521668,0,0
5820,1177,-0.676306426525116,-0.07293441146612167,-0.7548558712005615,0,0
5831,1178,-0.6794191598892212,-0.07030998915433884,-0.7551000118255615,0,0
5831,1179,-0.6839965581893921,-0.07256821542978287,-0.7558934092521668,0,0
5843,1180,-0.6846679449081421,-0.07305647432804108,-0.7536352276802063,0,0
5843,1181,-0.6862547993659973,-0.07134754955768585,-0.7514990568161011,0,0
5843,1182,-0.6881468296051025,-0.07073722034692764,-0.7518042325973511,0,0
5851,1183,-0.6889402866363525,-0.06921139359474182,-0.7509497404098511,0,0
5859,1184,-0.690954327583313,-0.06585458666086197,-0.7499732375144959,0,0
5859,1185,-0.6904661059379578,-0.06500011682510376,-0.7474098205566406,0,0
5867,1186,-0.692113995552063,-0.06384049355983734,-0.744114100933075,0,0
5867,1187,-0.692297101020813,-0.06341326236724854,-0.743259608745575,0,0
5875,1188,-0.6902219653129578,-0.06237570196390152,-0.7366680502891541,0,0
5882,1189,-0.6922360062599182,-0.06371843069791794,-0.7372173070907593,0,0
5882,1190,-0.6896116137504578,-0.06048368290066719,-0.7374614477157593,0,0
5886,1191,-0.692541241645813,-0.06054471433162689,-0.7394755482673645,0,0
5912,1192,-0.6927242875099182,-0.0610329806804657,-0.742527186870575,0,0
5912,1193,-0.6895505785942078,-0.05975128710269928,-0.7397196888923645,0,0
5912,1194,-0.6896726489067078,-0.060849878937006,-0.7386211156845093,0,0
5912,1195,-0.6888181567192078,-0.06011748686432838,-0.7381938695907593,0,0
5912,1196,-0.6898557543754578,-0.06017851829528809,-0.7404521107673645,0,0
5932,1197,-0.690527081489563,-0.06182640790939331,-0.7392924427986145,0,0
5932,1198,-0.6886961460113525,-0.06310810148715973,-0.7417948246002197,0,0
5932,1199,-0.6888792514801025,-0.06164330989122391,-0.7378276586532593,0,0
5932,1200,-0.6872923374176025,-0.06316912919282913,-0.7387431859970093,0,0
5953,1201,-0.6866210103034973,-0.06451185792684555,-0.7387431859970093,0,0
5953,1202,-0.6855224370956421,-0.06451185792684555,-0.7369731664657593,0,0
5953,1203,-0.6851562261581421,-0.06670904904603958,-0.7399027943611145,0,0
5953,1204,-0.6859496235847473,-0.06945552676916122,-0.7366070151329041,0,0
5974,1205,-0.6849730610847473,-0.06866209954023361,-0.7352642416954041,0,0
5974,1206,-0.6857054829597473,-0.06701420992612839,-0.7388651967048645,0,0
5974,1207,-0.6858275532722473,-0.06969965994358063,-0.7397807240486145,0,0
5974,1208,-0.6850341558456421,-0.07293441146612167,-0.7428324222564697,0,0
6025,1209,-0.6849120855331421,-0.0750095322728157,-0.7410013675689697,0,0
6025,1210,-0.6863158345222473,-0.0743992030620575,-0.7407572269439697,0,0
6025,1211,-0.6895505785942078,-0.07629121840000153,-0.7389262914657593,0,0
6026,1212,-0.6906492114067078,-0.07635225355625153,-0.7386821508407593,0,0
6026,1213,-0.691137433052063,-0.07323957234621048,-0.742649257183075,0,0
6026,1214,-0.691259503364563,-0.07348370552062988,-0.7423441410064697,0,0
6027,1215,-0.691381573677063,-0.07049308717250824,-0.743076503276825,0,0
6027,1216,-0.6922360062599182,-0.07354474067687988,-0.7452126145362854,0,0
6027,1217,-0.691198468208313,-0.07165271043777466,-0.7458229660987854,0,0
6028,1218,-0.6932125687599182,-0.06988275796175003,-0.742954432964325,0,0
6028,1219,-0.6932736039161682,-0.06884519755840302,-0.7442361116409302,0,0
6051,1220,-0.6935177445411682,-0.06847900152206421,-0.7414896488189697,0,0
6052,1221,-0.6900998950004578,-0.06683111190795898,-0.743137538433075,0,0
6052,1222,-0.691625714302063,-0.0676245391368866,-0.7437478303909302,0,0
6052,1223,-0.691137433052063,-0.06658697873353958,-0.743564784526825,0,0
6052,1224,-0.691869854927063,-0.06469495594501495,-0.744114100933075,0,0
6066,1225,-0.6932125687599182,-0.06353533267974854,-0.7461281418800354,0,0
6066,1226,-0.6929684281349182,-0.06249776855111122,-0.7461891770362854,0,0
6066,1227,-0.691137433052063,-0.05938509106636047,-0.743808925151825,0,0
6079,1228,-0.690771222114563,-0.05492968112230301,-0.742771327495575,0,0
6079,1229,-0.6935177445411682,-0.05499071255326271,-0.742283046245575,0,0
6079,1230,-0.6927242875099182,-0.05352592468261719,-0.7416117191314697,0,0
6090,1231,-0.6951655745506287,-0.04998600855469704,-0.742222011089325,0,0
6090,1232,-0.6962642073631287,-0.04553060233592987,-0.7403299808502197,0,0
6100,1233,-0.6956538558006287,-0.04601886495947838,-0.7400858998298645,0,0
6100,1234,-0.6963862776756287,-0.04614093154668808,-0.7359966635704041,0,0
6108,1235,-0.6967524886131287,-0.04253998771309853,-0.7375225424766541,0,0
6108,1236,-0.6967524886131287,-0.03753527998924255,-0.7373394370079041,0,0
6118,1237,-0.6969355940818787,-0.03796251118183136,-0.7351422309875488,0,0
6118,1238,-0.6962031722068787,-0.03448363393545151,-0.7368511557579041,0,0
6125,1239,-0.6954708099365234,-0.03466673195362091,-0.7347149848937988,0,0
6133,1240,-0.691808819770813,-0.03710805252194405,-0.7369121909141541,0,0
6133,1241,-0.6919918656349182,-0.03741321712732315,-0.7368511557579041,0,0
6141,1242,-0.6937618851661682,-0.03686391934752464,-0.7361187338829041,0,0
6150,1243,-0.6933956742286682,-0.03991556912660599,-0.7366070151329041,0,0
6150,1244,-0.691503643989563,-0.04119725897908211,-0.7352642416954041,0,0
6157,1245,-0.6891844272613525,-0.04229585453867912,-0.7366680502891541,0,0
6158,1246,-0.6883909702301025,-0.04388271272182465,-0.7345318794250488,0,0
6167,1247,-0.6871702671051025,-0.04516440257430077,-0.7332502007484436,0,0
6175,1248,-0.6854613423347473,-0.04559163749217987,-0.7342877388000488,0,0
6175,1249,-0.6868041157722473,-0.04577473551034927,-0.7341046929359436,0,0
6184,1250,-0.6849730610847473,-0.04839915037155151,-0.7375225424766541,0,0
6184,1251,-0.6849120855331421,-0.05145080015063286,-0.7380717992782593,0,0
6191,1252,-0.6827759146690369,-0.05291558802127838,-0.7349591255187988,0,0
6198,1253,-0.6829590201377869,-0.05596724152565002,-0.7338605523109436,0,0
6198,1254,-0.6828369498252869,-0.05645550414919853,-0.7367901206016541,0,0
6206,1255,-0.6828369498252869,-0.05785926058888435,-0.7354473471641541,0,0
6215,1256,-0.6815552711486816,-0.06060574948787689,-0.7363018393516541,0,0
6215,1257,-0.6833862662315369,-0.0609719455242157,-0.7350811958312988,0,0
6221,1258,-0.6841186285018921,-0.06188743934035301,-0.7341046929359436,0,0
6227,1259,-0.6877806186676025,-0.0607888475060463,-0.7311750650405884,0,0
6227,1260,-0.6869261264801025,-0.06341326236724854,-0.7331281304359436,0,0
6233,1261,-0.6899167895317078,-0.06323016434907913,-0.7319685220718384,0,0
6239,1262,-0.691686749458313,-0.06310810148715973,-0.7333722710609436,0,0
6245,1263,-0.6935787796974182,-0.05999542027711868,-0.7334943413734436,0,0
6252,1264,-0.6959590911865234,-0.0613381452858448,-0.7341656684875488,0,0
6252,1265,-0.7001703381538391,-0.06072781607508659,-0.7345929145812988,0,0
6258,1266,-0.7007806897163391,-0.05938509106636047,-0.7361187338829041,0,0
6264,1267,-0.7035271525382996,-0.05651653558015823,-0.7334333062171936,0,0
6269,1268,-0.7056633234024048,-0.0542583204805851,-0.7348980903625488,0,0
6274,1269,-0.7051750421524048,-0.0541972853243351,-0.7358745932579041,0,0
6280,1270,-0.70633465051651,-0.05297662317752838,-0.7374004125595093,0,0
6285,1271,-0.7084097862243652,-0.0545024499297142,-0.7375835180282593,0,0
6291,1272,-0.7117055058479309,-0.05200009420514107,-0.7352032661437988,0,0
6291,1273,-0.7098135352134705,-0.04974187910556793,-0.7336774468421936,0,0
6304,1274,-0.7113393545150757,-0.04925361275672913,-0.7382549047470093,0,0
6304,1275,-0.7126821279525757,-0.04815501719713211,-0.7309309840202332,0,0
6327,1276,-0.7136586308479309,-0.04669022932648659,-0.7330670952796936,0,0
6327,1277,-0.7135365605354309,-0.0476057231426239,-0.7339215874671936,0,0
6327,1278,-0.7146351337432861,-0.04937567934393883,-0.7282454967498779,0,0
6327,1279,-0.7154285907745361,-0.04833811894059181,-0.7253769636154175,0,0
6327,1280,-0.7146961688995361,-0.04968084394931793,-0.7265365719795227,0,0
6338,1281,-0.7154285907745361,-0.04534750431776047,-0.7271469235420227,0,0
6338,1282,-0.7168933749198914,-0.04797191917896271,-0.7279403209686279,0,0
6353,1283,-0.7169544100761414,-0.04607990011572838,-0.7245224714279175,0,0
6353,1284,-0.7180529832839966,-0.0471784919500351,-0.7238510847091675,0,0
6353,1285,-0.7166492342948914,-0.0471784919500351,-0.7234238982200623,0,0
6366,1286,-0.7173206210136414,-0.04662919417023659,-0.7253769636154175,0,0
6367,1287,-0.7162219882011414,-0.04699539393186569,-0.7255600690841675,0,0
6367,1288,-0.7162830233573914,-0.04913154989480972,-0.7251328229904175,0,0
6379,1289,-0.7159168124198914,-0.05041323974728584,-0.7270858883857727,0,0
6379,1290,-0.7143299579620361,-0.05157286301255226,-0.7261093258857727,0,0
6391,1291,-0.7117055058479309,-0.05132873356342316,-0.7295271754264832,0,0
6391,1292,-0.7112172842025757,-0.05352592468261719,-0.7294661998748779,0,0
6391,1293,-0.7109121084213257,-0.0541972853243351,-0.7317243814468384,0,0
6404,1294,-0.7114003896713257,-0.05688273534178734,-0.7319074869155884,0,0
6404,1295,-0.7130482792854309,-0.05645550414919853,-0.7321516275405884,0,0
6416,1296,-0.7116445302963257,-0.05804235860705376,-0.7318463921546936,0,0
6416,1297,-0.7103018164634705,-0.05956818908452988,-0.7327619194984436,0,0
6416,1298,-0.7095693945884705,-0.06017851829528809,-0.7330670952796936,0,0
6427,1299,-0.7082266807556152,-0.06310810148715973,-0.7320905327796936,0,0
6427,1300,-0.7082266807556152,-0.06451185792684555,-0.7343488335609436,0,0
6438,1301,-0.7087759375572205,-0.06500011682510376,-0.7327619194984436,0,0
6438,1302,-0.7036491632461548,-0.06463392078876495,-0.7345318794250488,0,0
6442,1303,-0.7032830119132996,-0.06731937825679779,-0.7325788140296936,0,0
6449,1304,-0.7024896144866943,-0.06945552676916122,-0.7322126626968384,0,0
6449,1305,-0.7006585597991943,-0.07269027829170227,-0.7302595973014832,0,0
6456,1306,-0.6977900266647339,-0.07092031836509705,-0.7312971353530884,0,0
6465,1307,-0.6978510618209839,-0.07415506988763809,-0.7260483503341675,0,0
6465,1308,-0.6963862776756287,-0.0743381679058075,-0.7270858883857727,0,0
6472,1309,-0.6924191117286682,-0.07659638673067093,-0.7254989743232727,0,0
6478,1310,-0.6931515336036682,-0.07665742188692093,-0.7249497175216675,0,0
6478,1311,-0.6899778246879578,-0.07861047983169556,-0.7227525115013123,0,0
6484,1312,-0.690282940864563,-0.08007527142763138,-0.7244004011154175,0,0
6536,1313,-0.6896116137504578,-0.08196728676557541,-0.7250107526779175,0,0
6536,1314,-0.6874755024909973,-0.08202832192182541,-0.7234238982200623,0,0
6536,1315,-0.6888792514801025,-0.08092972636222839,-0.720860481262207,0,0
6536,1316,-0.6891844272613525,-0.08086869865655899,-0.7236069440841675,0,0
6536,1317,-0.6900998950004578,-0.08001423627138138,-0.7288558483123779,0,0
6536,1318,-0.6903440356254578,-0.07940390706062317,-0.7281844615936279,0,0
6537,1319,-0.691015362739563,-0.07964804023504257,-0.7290999293327332,0,0
6537,1320,-0.6906492114067078,-0.0745212659239769,-0.7306257486343384,0,0
6537,1321,-0.6929073929786682,-0.07586398720741272,-0.7308088541030884,0,0
6537,1322,-0.6931515336036682,-0.0743381679058075,-0.7330670952796936,0,0
6584,1323,-0.6930904984474182,-0.07525365799665451,-0.7370952963829041,0,0
6584,1324,-0.6922360062599182,-0.0745823010802269,-0.7300154566764832,0,0
6584,1325,-0.6954097151756287,-0.07525365799665451,-0.7325177788734436,0,0
6584,1326,-0.6936398148536682,-0.07226304709911346,-0.7369731664657593,0,0
6584,1327,-0.6972407698631287,-0.07171374559402466,-0.7318463921546936,0,0
6584,1328,-0.6966304183006287,-0.07122547924518585,-0.7314802408218384,0,0
6584,1329,-0.6965693831443787,-0.07189685106277466,-0.7308698892593384,0,0
6584,1330,-0.6982172727584839,-0.07061515003442764,-0.7309309840202332,0,0
6584,1331,-0.6971797347068787,-0.07000482082366943,-0.7292830348014832,0,0
6584,1332,-0.7001703381538391,-0.07110341638326645,-0.7284896373748779,0,0
6620,1333,-0.6987055540084839,-0.07061515003442764,-0.7278182506561279,0,0
6620,1334,-0.6979120969772339,-0.06994379311800003,-0.7300154566764832,0,0
6620,1335,-0.7006585597991943,-0.06982172280550003,-0.7286726832389832,0,0
6620,1336,-0.7021234035491943,-0.06945552676916122,-0.7299544215202332,0,0
6621,1337,-0.7009027004241943,-0.0676245391368866,-0.7296492457389832,0,0
6621,1338,-0.7011468410491943,-0.06835693866014481,-0.7300154566764832,0,0
6621,1339,-0.7020013332366943,-0.07049308717250824,-0.7280013561248779,0,0
6692,1340,-0.7030999064445496,-0.06615974754095078,-0.7274520397186279,0,0
6692,1341,-0.7023065090179443,-0.06335222721099854,-0.7282454967498779,0,0
6692,1342,-0.7049919366836548,-0.0613381452858448,-0.7270858883857727,0,0
6692,1343,-0.7043205499649048,-0.05846958979964256,-0.7263534665107727,0,0
6693,1344,-0.7045036554336548,-0.05773719400167465,-0.7295271754264832,0,0
6693,1345,-0.70700603723526,-0.05480761453509331,-0.7328229546546936,0,0
6693,1346,-0.70596843957901,-0.05346489325165749,-0.7300764918327332,0,0
6693,1347,-0.7087759375572205,-0.05169492959976196,-0.7330670952796936,0,0
6693,1348,-0.7097525000572205,-0.05212216079235077,-0.7344098091125488,0,0
6693,1349,-0.7097525000572205,-0.05114563554525375,-0.7364239096641541,0,0
6693,1350,-0.7084708213806152,-0.05090150237083435,-0.7370342612266541,0,0
6694,1351,-0.7099966406822205,-0.0476057231426239,-0.7383769750595093,0,0
6694,1352,-0.7117055058479309,-0.04638506472110748,-0.7406352162361145,0,0
6694,1353,-0.7107290029525757,-0.0471784919500351,-0.7393534779548645,0,0
6695,1354,-0.7109121084213257,-0.04833811894059181,-0.7397807240486145,0,0
6764,1355,-0.7104848623275757,-0.04443200677633286,-0.7380107641220093,0,0
6764,1356,-0.7090811729431152,-0.04565266892313957,-0.7365459799766541,0,0
6764,1357,-0.7084097862243652,-0.04412684217095375,-0.7376445531845093,0,0
6764,1358,-0.70676189661026,-0.04467613995075226,-0.7359966635704041,0,0
6764,1359,-0.70554119348526,-0.04473717138171196,-0.7302595973014832,0,0
6764,1360,-0.7030999064445496,-0.04516440257430077,-0.7359966635704041,0,0
6765,1361,-0.70712810754776,-0.04559163749217987,-0.7323346734046936,0,0
6765,1362,-0.7041985392570496,-0.04565266892313957,-0.7327619194984436,0,0
6766,1363,-0.7018792629241943,-0.04705642536282539,-0.7330060601234436,0,0
6766,1364,-0.7016351222991943,-0.04485923796892166,-0.7305037379264832,0,0
6767,1365,-0.6987055540084839,-0.04681229591369629,-0.7355694770812988,0,0
6767,1366,-0.6999261975288391,-0.04662919417023659,-0.7337384819984436,0,0
6767,1367,-0.6960811018943787,-0.04815501719713211,-0.7311140298843384,0,0
6767,1368,-0.6968135237693787,-0.05151183158159256,-0.7369121909141541,0,0
6767,1369,-0.6966304183006287,-0.05315972864627838,-0.7350811958312988,0,0
6859,1370,-0.6963862776756287,-0.05285455659031868,-0.7364239096641541,0,0
6859,1371,-0.6963252425193787,-0.0542583204805851,-0.7353253364562988,0,0
6859,1372,-0.6948604583740234,-0.05102356895804405,-0.7368511557579041,0,0
6859,1373,-0.6929684281349182,-0.04864328354597092,-0.7363018393516541,0,0
6859,1374,-0.6966914534568787,-0.04656816273927689,-0.7364849448204041,0,0
6859,1375,-0.6969966292381287,-0.0474836565554142,-0.7374614477157593,0,0
6859,1376,-0.6979120969772339,-0.04559163749217987,-0.7402079701423645,0,0
6860,1377,-0.6994379162788391,-0.04492026939988136,-0.7407572269439697,0,0
6860,1378,-0.6988886594772339,-0.04485923796892166,-0.7410624027252197,0,0
6860,1379,-0.7002313733100891,-0.04534750431776047,-0.7387431859970093,0,0
6860,1380,-0.6998041272163391,-0.04266205430030823,-0.7374614477157593,0,0
6861,1381,-0.6979120969772339,-0.04546957090497017,-0.7363628745079041,0,0
6861,1382,-0.6948604583740234,-0.0475446879863739,-0.7401469349861145,0,0
6861,1383,-0.6957759261131287,-0.04675126075744629,-0.7394755482673645,0,0
6861,1384,-0.6924801468849182,-0.0474226251244545,-0.7367290258407593,0,0
6861,1385,-0.691015362739563,-0.04809398576617241,-0.7373394370079041,0,0
6861,1386,-0.691808819770813,-0.0476057231426239,-0.7376445531845093,0,0
6861,1387,-0.691320538520813,-0.05077943578362465,-0.7363628745079041,0,0
6862,1388,-0.6887571811676025,-0.05334282666444778,-0.7345929145812988,0,0
6928,1389,-0.6877806186676025,-0.0545634850859642,-0.7331281304359436,0,0
6928,1390,-0.6878416538238525,-0.05773719400167465,-0.7316023111343384,0,0
6928,1391,-0.6874755024909973,-0.05718789994716644,-0.7276961803436279,0,0
6929,1392,-0.6866210103034973,-0.05724893137812614,-0.7293440699577332,0,0
6929,1393,-0.6885740160942078,-0.05950715765357018,-0.7293440699577332,0,0
6929,1394,-0.6853393316268921,-0.0612771101295948,-0.7309919595718384,0,0
6929,1395,-0.6854613423347473,-0.06274189800024033,-0.7301985621452332,0,0
6929,1396,-0.6839965581893921,-0.06066678091883659,-0.7327008843421936,0,0
6929,1397,-0.6835693717002869,-0.06176537275314331,-0.7363018393516541,0,0
6930,1398,-0.6846679449081421,-0.06512218713760376,-0.7340435981750488,0,0
6930,1399,-0.6858885884284973,-0.06420668959617615,-0.7321516275405884,0,0
6930,1400,-0.6850341558456421,-0.06146020814776421,-0.7347149848937988,0,0
6930,1401,-0.6868041157722473,-0.0609719455242157,-0.7336774468421936,0,0
6930,1402,-0.6860716938972473,-0.06158227473497391,-0.7358745932579041,0,0
7006,1403,-0.6855834722518921,-0.060849878937006,-0.7384990453720093,0,0
7006,1404,-0.6880247592926025,-0.05871372297406197,-0.7383159399032593,0,0
7006,1405,-0.6894285082817078,-0.05907991901040077,-0.7403299808502197,0,0
7006,1406,-0.6894895434379578,-0.05950715765357018,-0.7416117191314697,0,0
7006,1407,-0.690893292427063,-0.05755409598350525,-0.7412455081939697,0,0
7006,1408,-0.6934566497802734,-0.05792029574513435,-0.7414286136627197,0,0
7006,1409,-0.6936398148536682,-0.05523484572768211,-0.7406962513923645,0,0
7007,1410,-0.6957759261131287,-0.05730996653437614,-0.7374004125595093,0,0
7007,1411,-0.6947994232177734,-0.05633343756198883,-0.7401469349861145,0,0
7007,1412,-0.6967524886131287,-0.05578414350748062,-0.7409403324127197,0,0
7007,1413,-0.6973017454147339,-0.05340385809540749,-0.7394145727157593,0,0
7008,1414,-0.6980341672897339,-0.05535691231489182,-0.7428324222564697,0,0
7008,1415,-0.6956538558006287,-0.05535691231489182,-0.7425882816314697,0,0
7008,1416,-0.691625714302063,-0.05499071255326271,-0.742222011089325,0,0
7008,1417,-0.6927853226661682,-0.05566207692027092,-0.743259608745575,0,0
7008,1418,-0.691503643989563,-0.05511277914047241,-0.7447243928909302,0,0
7035,1419,-0.691747784614563,-0.05602827295660973,-0.7395976185798645,0,0
7035,1420,-0.6924801468849182,-0.05511277914047241,-0.7372784018516541,0,0
7035,1421,-0.691625714302063,-0.05804235860705376,-0.743503749370575,0,0
7035,1422,-0.6930294632911682,-0.05572310835123062,-0.7449685335159302,0,0
7035,1423,-0.691564679145813,-0.05547897890210152,-0.743015468120575,0,0
7057,1424,-0.691686749458313,-0.05602827295660973,-0.7419168949127197,0,0
7057,1425,-0.6931515336036682,-0.05505174770951271,-0.7397196888923645,0,0
7057,1426,-0.6944942474365234,-0.05602827295660973,-0.7377666234970093,0,0
7057,1427,-0.692541241645813,-0.05517381429672241,-0.7389262914657593,0,0
7057,1428,-0.6934566497802734,-0.05523484572768211,-0.7406962513923645,0,0
7065,1429,-0.6919918656349182,-0.05535691231489182,-0.7400858998298645,0,0
7075,1430,-0.692297101020813,-0.05267145857214928,-0.7419168949127197,0,0
7075,1431,-0.6894895434379578,-0.05077943578362465,-0.742283046245575,0,0
7087,1432,-0.6880247592926025,-0.05120666697621346,-0.7419779300689697,0,0
7087,1433,-0.6863158345222473,-0.05212216079235077,-0.7398417592048645,0,0
7087,1434,-0.6888181567192078,-0.05096253752708435,-0.743198573589325,0,0
7102,1435,-0.6882688999176025,-0.05267145857214928,-0.7391704320907593,0,0
7102,1436,-0.6890622973442078,-0.05151183158159256,-0.7404521107673645,0,0
7102,1437,-0.6892454028129578,-0.0541972853243351,-0.7410013675689697,0,0
7111,1438,-0.6864379048347473,-0.05377005785703659,-0.7402690052986145,0,0
7111,1439,-0.6878416538238525,-0.05315972864627838,-0.7459450364112854,0,0
7118,1440,-0.6886351108551025,-0.05218319222331047,-0.7461891770362854,0,0
7127,1441,-0.6871702671051025,-0.05254939198493958,-0.7480812072753906,0,0
7127,1442,-0.6881468296051025,-0.05297662317752838,-0.743015468120575,0,0
7135,1443,-0.6879027485847473,-0.05273249000310898,-0.7417948246002197,0,0
7145,1444,-0.6873533725738525,-0.05364799126982689,-0.7390483021736145,0,0
7145,1445,-0.6860716938972473,-0.05200009420514107,-0.7424051761627197,0,0
7154,1446,-0.6877806186676025,-0.05273249000310898,-0.7467384934425354,0,0
7154,1447,-0.6857054829597473,-0.05206112936139107,-0.7477760314941406,0,0
7162,1448,-0.6861327290534973,-0.05267145857214928,-0.7455788850784302,0,0
7162,1449,-0.6854613423347473,-0.05077943578362465,-0.7458840012550354,0,0
7172,1450,-0.6864379048347473,-0.05102356895804405,-0.743869960308075,0,0
7172,1451,-0.6855224370956421,-0.05138976499438286,-0.7461891770362854,0,0
7182,1452,-0.6841186285018921,-0.05029117316007614,-0.7472267746925354,0,0
7182,1453,-0.6839355230331421,-0.05065737292170525,-0.7460061311721802,0,0
7191,1454,-0.6832641959190369,-0.04809398576617241,-0.7480201721191406,0,0
7191,1455,-0.6811890602111816,-0.04699539393186569,-0.7447243928909302,0,0
7200,1456,-0.6797242760658264,-0.04784985259175301,-0.7507055997848511,0,0
7200,1457,-0.6789919137954712,-0.04687332734465599,-0.7480812072753906,0,0
7206,1458,-0.6799073815345764,-0.04498130455613136,-0.7480812072753906,0,0
7212,1459,-0.6821656227111816,-0.04546957090497017,-0.743564784526825,0,0
7219,1460,-0.6821656227111816,-0.04589680209755898,-0.743808925151825,0,0
7226,1461,-0.6797242760658264,-0.0472395233809948,-0.7439309358596802,0,0
7226,1462,-0.6803956627845764,-0.0477277897298336,-0.7447243928909302,0,0
7233,1463,-0.6799684166908264,-0.04577473551034927,-0.7459450364112854,0,0
7240,1464,-0.6778932809829712,-0.04510337114334106,-0.7466164231300354,0,0
7240,1465,-0.6778932809829712,-0.04412684217095375,-0.7466164231300354,0,0
7247,1466,-0.6780763864517212,-0.04217378795146942,-0.7446633577346802,0,0
7253,1467,-0.6817383766174316,-0.04345548152923584,-0.7455178499221802,0,0
7258,1468,-0.6805176734924316,-0.04449304193258286,-0.7484474182128906,0,0
7264,1469,-0.6824097037315369,-0.04131932556629181,-0.7457619905471802,0,0
7271,1470,-0.6828979849815369,-0.04339444637298584,-0.7450906038284302,0,0
7271,1471,-0.6825928688049316,-0.04186862334609032,-0.7467995285987854,0,0
7277,1472,-0.6839965581893921,-0.03936627134680748,-0.7446633577346802,0,0
7283,1473,-0.6829590201377869,-0.04168552160263062,-0.7461891770362854,0,0
7288,1474,-0.6851562261581421,-0.04211275279521942,-0.7471046447753906,0,0
7294,1475,-0.6868651509284973,-0.0404038317501545,-0.7504615187644959,0,0
7294,1476,-0.6887571811676025,-0.040953129529953,-0.7487525939941406,0,0
7300,1477,-0.6894895434379578,-0.0410141609609127,-0.743381679058075,0,0
7305,1478,-0.6899167895317078,-0.03881697356700897,-0.7452737092971802,0,0
7310,1479,-0.6888181567192078,-0.03887800499796867,-0.7489967346191406,0,0
7316,1480,-0.6890012621879578,-0.03845077380537987,-0.7467995285987854,0,0
7321,1481,-0.6890012621879578,-0.04009866714477539,-0.7485084533691406,0,0
7327,1482,-0.6892454028129578,-0.03893904015421867,-0.7486304640769959,0,0
7332,1483,-0.6880857944488525,-0.03759631514549255,-0.7501563429832459,0,0
7338,1484,-0.6888792514801025,-0.03796251118183136,-0.7469826340675354,0,0
7343,1485,-0.691869854927063,-0.03741321712732315,-0.7481422424316406,0,0
7348,1486,-0.6910764575004578,-0.03796251118183136,-0.7450295686721802,0,0
7352,1487,-0.6919918656349182,-0.0408310629427433,-0.7421000003814697,0,0
7357,1488,-0.691015362739563,-0.0404648631811142,-0.7411234974861145,0,0
7362,1489,-0.690710186958313,-0.04217378795146942,-0.7452737092971802,0,0
7367,1490,-0.6899778246879578,-0.04162449017167091,-0.7451516389846802,0,0
7375,1491,-0.6886961460113525,-0.04253998771309853,-0.7413065433502197,0,0
7375,1492,-0.6870482563972473,-0.04241792112588882,-0.7408182621002197,0,0
7380,1493,-0.6897947192192078,-0.04308928176760674,-0.742710292339325,0,0
7385,1494,-0.6886961460113525,-0.04241792112588882,-0.7457008957862854,0,0
7388,1495,-0.6890012621879578,-0.04223482310771942,-0.7461891770362854,0,0
7393,1496,-0.6883909702301025,-0.04211275279521942,-0.743808925151825,0,0
7398,1497,-0.6900388598442078,-0.04217378795146942,-0.7444802522659302,0,0
7403,1498,-0.6872313618659973,-0.04199068620800972,-0.7447243928909302,0,0
7408,1499,-0.6879637241363525,-0.040892094373703,-0.743808925151825,0,0
7419,1500,-0.6893064379692078,-0.0405258983373642,-0.7442361116409302,0,0
7419,1501,-0.6897336840629578,-0.04015969857573509,-0.7455788850784302,0,0
7426,1502,-0.6889402866363525,-0.04003763571381569,-0.743503749370575,0,0
7431,1503,-0.6881468296051025,-0.03979350253939629,-0.7421610355377197,0,0
7433,1504,-0.6891844272613525,-0.03961040452122688,-0.742649257183075,0,0
7437,1505,-0.6891233921051025,-0.03961040452122688,-0.7477760314941406,0,0
7442,1506,-0.6897336840629578,-0.03985453397035599,-0.7462502121925354,0,0
7447,1507,-0.6899778246879578,-0.03924420475959778,-0.7448464632034302,0,0
7453,1508,-0.6893675327301025,-0.03918317332863808,-0.7464943528175354,0,0
7457,1509,-0.6903440356254578,-0.03698598593473434,-0.7441750764846802,0,0
7472,1510,-0.690771222114563,-0.03588739037513733,-0.7444802522659302,0,0
7472,1511,-0.6900388598442078,-0.03533809259533882,-0.7461891770362854,0,0
7472,1512,-0.692052960395813,-0.03704701736569405,-0.7446633577346802,0,0
7477,1513,-0.690893292427063,-0.03771838173270226,-0.7474709153175354,0,0
7482,1514,-0.6908323168754578,-0.03808457776904106,-0.7464333176612854,0,0
7487,1515,-0.6908323168754578,-0.03851180896162987,-0.7482032775878906,0,0
7492,1516,-0.6897336840629578,-0.04022073373198509,-0.7493628859519959,0,0
7497,1517,-0.691259503364563,-0.04119725897908211,-0.7452737092971802,0,0
7502,1518,-0.6899167895317078,-0.03973247110843658,-0.743259608745575,0,0
7507,1519,-0.6885130405426025,-0.03930523991584778,-0.7458229660987854,0,0
7569,1520,-0.6888181567192078,-0.04180758818984032,-0.7453957796096802,0,0
7569,1521,-0.6869872212409973,-0.04113622754812241,-0.743869960308075,0,0
7569,1522,-0.6854003071784973,-0.04253998771309853,-0.742710292339325,0,0
7569,1523,-0.6835693717002869,-0.04540853574872017,-0.7437478303909302,0,0
7569,1524,-0.6812500953674316,-0.04626299813389778,-0.7418558597564697,0,0
7569,1525,-0.6801515221595764,-0.0475446879863739,-0.7404521107673645,0,0
7569,1526,-0.6821045875549316,-0.04821605235338211,-0.7399027943611145,0,0
7570,1527,-0.6799684166908264,-0.0473615899682045,-0.7413065433502197,0,0
7570,1528,-0.6791139245033264,-0.05010807514190674,-0.7448464632034302,0,0
7570,1529,-0.677221953868866,-0.05059633776545525,-0.7446633577346802,0,0
7570,1530,-0.6785646677017212,-0.05206112936139107,-0.7451516389846802,0,0
7570,1531,-0.6797242760658264,-0.05053530633449554,-0.7444802522659302,0,0
7579,1532,-0.6817383766174316,-0.05065737292170525,-0.7488135695457459,0,0
7579,1533,-0.6811280250549316,-0.05181699618697166,-0.7472267746925354,0,0
7592,1534,-0.6801515221595764,-0.04864328354597092,-0.7463722825050354,0,0
7592,1535,-0.6789919137954712,-0.04675126075744629,-0.7464943528175354,0,0
7592,1536,-0.6800294518470764,-0.04553060233592987,-0.7494239211082459,0,0
7641,1537,-0.6812500953674316,-0.04638506472110748,-0.7499732375144959,0,0
7641,1538,-0.6814332008361816,-0.04522543400526047,-0.7458229660987854,0,0
7641,1539,-0.6809449195861816,-0.04369961097836494,-0.744114100933075,0,0
7641,1540,-0.6830200552940369,-0.04571370035409927,-0.7463112473487854,0,0
7641,1541,-0.6823487281799316,-0.04553060233592987,-0.7450906038284302,0,0
7641,1542,-0.6833862662315369,-0.04388271272182465,-0.743625819683075,0,0
7641,1543,-0.6821045875549316,-0.04430994018912315,-0.7448464632034302,0,0
7641,1544,-0.6790528893470764,-0.04479820653796196,-0.7474098205566406,0,0
7641,1545,-0.6775270700454712,-0.04357754811644554,-0.7465553879737854,0,0
7641,1546,-0.6773439645767212,-0.04278411716222763,-0.7464333176612854,0,0
7654,1547,-0.676306426525116,-0.04418787732720375,-0.7477760314941406,0,0
7654,1548,-0.6771608591079712,-0.04455407336354256,-0.7522314190864563,0,0
7669,1549,-0.6788087487220764,-0.04272308573126793,-0.7503394484519959,0,0
7669,1550,-0.6787477731704712,-0.04473717138171196,-0.7527807950973511,0,0
7669,1551,-0.6793580651283264,-0.04247895255684853,-0.7493018507957459,0,0
7682,1552,-0.6803956627845764,-0.04412684217095375,-0.7482032775878906,0,0
7682,1553,-0.6807008385658264,-0.04186862334609032,-0.7507055997848511,0,0
7682,1554,-0.6808839440345764,-0.04333341494202614,-0.7494239211082459,0,0
7693,1555,-0.6805787086486816,-0.04144139215350151,-0.7546727657318115,0,0
7693,1556,-0.6805176734924316,-0.03973247110843658,-0.7505224943161011,0,0
7703,1557,-0.6830810904502869,-0.04119725897908211,-0.7524145245552063,0,0
7703,1558,-0.6814332008361816,-0.04180758818984032,-0.7501563429832459,0,0
7713,1559,-0.6817383766174316,-0.0404648631811142,-0.7477760314941406,0,0
7713,1560,-0.6834473013877869,-0.04186862334609032,-0.7464943528175354,0,0
7726,1561,-0.6836913824081421,-0.04131932556629181,-0.7491798400878906,0,0
7726,1562,-0.6819825172424316,-0.03906110301613808,-0.7493018507957459,0,0
7726,1563,-0.6838135123252869,-0.03814560920000076,-0.7475318908691406,0,0
7737,1564,-0.6832641959190369,-0.03808457776904106,-0.7483253479003906,0,0
7737,1565,-0.6845458745956421,-0.03607049211859703,-0.7512549161911011,0,0
7747,1566,-0.6858275532722473,-0.03582635521888733,-0.7538183331489563,0,0
7747,1567,-0.6871092319488525,-0.03570429235696793,-0.7507055997848511,0,0
7761,1568,-0.6866819858551025,-0.03253057599067688,-0.7529028058052063,0,0
7761,1569,-0.6875975131988525,-0.03350710496306419,-0.7519263029098511,0,0
7761,1570,-0.6882688999176025,-0.03484982997179031,-0.7497901320457459,0,0
7772,1571,-0.6868651509284973,-0.03460569679737091,-0.7488135695457459,0,0
7772,1572,-0.6880857944488525,-0.0341784693300724,-0.7497901320457459,0,0
7786,1573,-0.690954327583313,-0.03332400694489479,-0.7485084533691406,0,0
7786,1574,-0.6882688999176025,-0.0340564027428627,-0.7501563429832459,0,0
7786,1575,-0.6879637241363525,-0.03594842553138733,-0.7452737092971802,0,0
7796,1576,-0.6861327290534973,-0.03607049211859703,-0.7461891770362854,0,0
7796,1577,-0.6861937642097473,-0.03436156734824181,-0.7482643127441406,0,0
7806,1578,-0.6858885884284973,-0.03497189655900002,-0.7489356994628906,0,0
7806,1579,-0.6842406988143921,-0.03350710496306419,-0.7489967346191406,0,0
7826,1580,-0.6827148795127869,-0.03533809259533882,-0.7508887648582459,0,0
7826,1581,-0.6847289800643921,-0.03765734657645226,-0.7511938810348511,0,0
7827,1582,-0.6834473013877869,-0.0406479649245739,-0.7491187453269959,0,0
7827,1583,-0.6825317740440369,-0.04260101914405823,-0.7505835890769959,0,0
7856,1584,-0.6824097037315369,-0.04119725897908211,-0.7533300518989563,0,0
7856,1585,-0.6827148795127869,-0.04125829413533211,-0.7528417706489563,0,0
7856,1586,-0.6802735924720764,-0.04199068620800972,-0.7505224943161011,0,0
7856,1587,-0.6811890602111816,-0.04290618374943733,-0.7516821622848511,0,0
7856,1588,-0.6782594919204712,-0.04437097534537315,-0.7500342726707459,0,0
7857,1589,-0.6783815622329712,-0.04357754811644554,-0.7514380216598511,0,0
7909,1590,-0.6810059547424316,-0.04437097534537315,-0.7507055997848511,0,0
7909,1591,-0.6784425973892212,-0.04638506472110748,-0.7502784132957459,0,0
7909,1592,-0.6816163063049316,-0.04522543400526047,-0.7482032775878906,0,0
7909,1593,-0.6812500953674316,-0.04577473551034927,-0.7475929260253906,0,0
7910,1594,-0.6814332008361816,-0.04607990011572838,-0.7482643127441406,0,0
7910,1595,-0.6808839440345764,-0.04461510479450226,-0.7473487854003906,0,0
7910,1596,-0.6826538443565369,-0.04412684217095375,-0.7474709153175354,0,0
7910,1597,-0.6819214820861816,-0.04492026939988136,-0.7467995285987854,0,0
7911,1598,-0.6803345680236816,-0.04693435877561569,-0.7469215393066406,0,0
7911,1599,-0.6792970299720764,-0.04437097534537315,-0.7442361116409302,0,0
7911,1600,-0.6793580651283264,-0.04369961097836494,-0.7457008957862854,0,0
7928,1601,-0.6821045875549316,-0.04284515231847763,-0.7455788850784302,0,0
7928,1602,-0.6811890602111816,-0.04223482310771942,-0.7458840012550354,0,0
7928,1603,-0.6815552711486816,-0.04272308573126793,-0.7451516389846802,0,0
7928,1604,-0.6808839440345764,-0.04418787732720375,-0.7453347444534302,0,0
7951,1605,-0.6804566979408264,-0.04260101914405823,-0.7465553879737854,0,0
7951,1606,-0.6810059547424316,-0.04369961097836494,-0.7459450364112854,0,0
7951,1607,-0.6799073815345764,-0.04394374415278435,-0.7441750764846802,0,0
7951,1608,-0.6813111305236816,-0.04400477558374405,-0.7458229660987854,0,0
7966,1609,-0.6813721656799316,-0.04424890875816345,-0.7449685335159302,0,0
7966,1610,-0.6813721656799316,-0.04424890875816345,-0.7449685335159302,0,0
7966,1611,-0.6794801354408264,-0.04369961097836494,-0.743137538433075,0,0
7966,1612,-0.6802125573158264,-0.04607990011572838,-0.7462502121925354,0,0
7980,1613,-0.6819825172424316,-0.04553060233592987,-0.7476539611816406,0,0
7980,1614,-0.6813721656799316,-0.04394374415278435,-0.7481422424316406,0,0
7991,1615,-0.6843017935752869,-0.04235688969492912,-0.7480201721191406,0,0
7991,1616,-0.6844848394393921,-0.04272308573126793,-0.7491187453269959,0,0
7991,1617,-0.6865599751472473,-0.0410141609609127,-0.7496680617332459,0,0
8006,1618,-0.6857665777206421,-0.03979350253939629,-0.7521704435348511,0,0
8006,1619,-0.6877806186676025,-0.04015969857573509,-0.7518652677536011,0,0
8014,1620,-0.6866210103034973,-0.040892094373703,-0.7507055997848511,0,0
8014,1621,-0.6900998950004578,-0.04241792112588882,-0.7487525939941406,0,0
8027,1622,-0.6898557543754578,-0.03875593841075897,-0.7462502121925354,0,0
8027,1623,-0.6894895434379578,-0.04174655675888062,-0.7507055997848511,0,0
8027,1624,-0.6904661059379578,-0.04186862334609032,-0.7526586651802063,0,0
8039,1625,-0.691320538520813,-0.04015969857573509,-0.7480812072753906,0,0
8039,1626,-0.6902219653129578,-0.04253998771309853,-0.7505835890769959,0,0
8057,1627,-0.6889402866363525,-0.03948833793401718,-0.7513769865036011,0,0
8057,1628,-0.6904050707817078,-0.03735218197107315,-0.7483253479003906,0,0
8057,1629,-0.6877195835113525,-0.03777941316366196,-0.7483253479003906,0,0
8057,1630,-0.6890622973442078,-0.03979350253939629,-0.7518652677536011,0,0
8073,1631,-0.6869872212409973,-0.03918317332863808,-0.7514380216598511,0,0
8073,1632,-0.6879027485847473,-0.03991556912660599,-0.7514380216598511,0,0
8073,1633,-0.6879027485847473,-0.03851180896162987,-0.7474709153175354,0,0
8085,1634,-0.6873533725738525,-0.03771838173270226,-0.7484474182128906,0,0
8085,1635,-0.6850341558456421,-0.03912214189767838,-0.7498511672019959,0,0
8085,1636,-0.6843627691268921,-0.03985453397035599,-0.7483253479003906,0,0
8095,1637,-0.6846069097518921,-0.03863387554883957,-0.7457008957862854,0,0
8096,1638,-0.6846679449081421,-0.03509396314620972,-0.7449074983596802,0,0
8105,1639,-0.6846069097518921,-0.03454466536641121,-0.7461891770362854,0,0
8111,1640,-0.6825928688049316,-0.03497189655900002,-0.7449074983596802,0,0
8111,1641,-0.6808839440345764,-0.03216437995433807,-0.7453957796096802,0,0
8117,1642,-0.6801515221595764,-0.02899066358804703,-0.7475929260253906,0,0
8123,1643,-0.6802735924720764,-0.02886859700083733,-0.7445412874221802,0,0
8130,1644,-0.6800294518470764,-0.02819723635911942,-0.7464943528175354,0,0
8130,1645,-0.6796632409095764,-0.03137094900012016,-0.7443581819534302,0,0
8136,1646,-0.6821045875549316,-0.02831930108368397,-0.743442714214325,0,0
8153,1647,-0.6812500953674316,-0.02703761123120785,-0.7449074983596802,0,0
8153,1648,-0.6811280250549316,-0.02667141333222389,-0.7452126145362854,0,0
8153,1649,-0.6810669898986816,-0.02752587385475636,-0.7483863830566406,0,0
8172,1650,-0.6806398034095764,-0.02807516977190971,-0.7482032775878906,0,0
8172,1651,-0.6824707388877869,-0.02886859700083733,-0.7480812072753906,0,0
8172,1652,-0.6832031607627869,-0.02648831158876419,-0.7486304640769959,0,0
8172,1653,-0.6835082769393921,-0.02892963029444218,-0.7468605637550354,0,0
8181,1654,-0.6850951910018921,-0.02862446568906307,-0.7494849562644959,0,0
8181,1655,-0.6841796636581421,-0.02819723635911942,-0.7496070265769959,0,0
8205,1656,-0.6836913824081421,-0.02636624500155449,-0.7527807950973511,0,0
8205,1657,-0.6842406988143921,-0.0273427739739418,-0.7538183331489563,0,0
8206,1658,-0.6846069097518921,-0.02880756556987763,-0.7494849562644959,0,0
8206,1659,-0.6841796636581421,-0.02709864266216755,-0.7518652677536011,0,0
8206,1660,-0.6844238042831421,-0.02850240096449852,-0.7526586651802063,0,0
8229,1661,-0.6824707388877869,-0.02880756556987763,-0.7496070265769959,0,0
8229,1662,-0.6835082769393921,-0.02813620306551457,-0.7481422424316406,0,0
8229,1663,-0.6837524175643921,-0.02642727829515934,-0.7483253479003906,0,0
8229,1664,-0.6826538443565369,-0.02911273017525673,-0.7514990568161011,0,0
8229,1665,-0.6828979849815369,-0.03265264257788658,-0.7489967346191406,0,0
8265,1666,-0.6839965581893921,-0.0303333904594183,-0.7486915588378906,0,0
8265,1667,-0.6817383766174316,-0.03002822585403919,-0.7498511672019959,0,0
8266,1668,-0.6839355230331421,-0.03094371967017651,-0.7491187453269959,0,0
8266,1669,-0.6822265982627869,-0.02947892621159554,-0.7497901320457459,0,0
8266,1670,-0.6800294518470764,-0.02905169688165188,-0.7499122023582459,0,0
8267,1671,-0.6811890602111816,-0.02880756556987763,-0.7525366544723511,0,0
8267,1672,-0.6811890602111816,-0.02923479489982128,-0.7481422424316406,0,0
8299,1673,-0.6805176734924316,-0.0273427739739418,-0.7490577101707459,0,0
8299,1674,-0.6797242760658264,-0.02661038003861904,-0.7499732375144959,0,0
8299,1675,-0.6795411705970764,-0.02746484056115151,-0.7501563429832459,0,0
8299,1676,-0.6800904273986816,-0.02868549898266792,-0.7490577101707459,0,0
8299,1677,-0.6797242760658264,-0.03008925914764404,-0.7504004836082459,0,0
8299,1678,-0.6782594919204712,-0.02978409454226494,-0.7508887648582459,0,0
8299,1679,-0.6781374216079712,-0.02831930108368397,-0.7516211271286011,0,0
8342,1680,-0.6781984567642212,-0.02905169688165188,-0.7528417706489563,0,0
8342,1681,-0.676794707775116,-0.02990616112947464,-0.7484474182128906,0,0
8342,1682,-0.6776491403579712,-0.02911273017525673,-0.7508277297019959,0,0
8342,1683,-0.676977813243866,-0.0273427739739418,-0.7496070265769959,0,0
8342,1684,-0.677710235118866,-0.02892963029444218,-0.7519872784614563,0,0
8342,1685,-0.6781984567642212,-0.02984512783586979,-0.7494849562644959,0,0
8342,1686,-0.6792970299720764,-0.03094371967017651,-0.7502784132957459,0,0
8342,1687,-0.6785036325454712,-0.03228644281625748,-0.7510718703269959,0,0
8359,1688,-0.6787477731704712,-0.03143198415637016,-0.7514990568161011,0,0
8360,1689,-0.6794191598892212,-0.03069958835840225,-0.7519263029098511,0,0
8360,1690,-0.6813111305236816,-0.03130991756916046,-0.7513769865036011,0,0
8360,1691,-0.6804566979408264,-0.03106578625738621,-0.7507055997848511,0,0
8384,1692,-0.6797853112220764,-0.03307987377047539,-0.7508277297019959,0,0
8385,1693,-0.6798463463783264,-0.03240850940346718,-0.7516821622848511,0,0
8385,1694,-0.6788087487220764,-0.03259160742163658,-0.7489967346191406,0,0
8385,1695,-0.6789919137954712,-0.03106578625738621,-0.7507055997848511,0,0
8385,1696,-0.6797853112220764,-0.0303333904594183,-0.7510107755661011,0,0
8400,1697,-0.6800294518470764,-0.0307606216520071,-0.7529028058052063,0,0
8400,1698,-0.6812500953674316,-0.03253057599067688,-0.7510718703269959,0,0
8400,1699,-0.6813721656799316,-0.03240850940346718,-0.7489356994628906,0,0
8412,1700,-0.6810059547424316,-0.02917376160621643,-0.756869912147522,0,0
8412,1701,-0.6810059547424316,-0.02917376160621643,-0.756869912147522,0,0
8412,1702,-0.6811280250549316,-0.02929582819342613,-0.7563816905021668,0,0
8422,1703,-0.6828369498252869,-0.02868549898266792,-0.7560765147209168,0,0
8422,1704,-0.6831421256065369,-0.02630521170794964,-0.7500342726707459,0,0
8433,1705,-0.6828369498252869,-0.02465732395648956,-0.7516821622848511,0,0
8433,1706,-0.6843627691268921,-0.02429112605750561,-0.7486915588378906,0,0
8446,1707,-0.6836913824081421,-0.02380286157131195,-0.7496070265769959,0,0
8446,1708,-0.6824097037315369,-0.0238638948649168,-0.7482643127441406,0,0
8458,1709,-0.6804566979408264,-0.02264323458075523,-0.7506446242332459,0,0
8458,1710,-0.6813111305236816,-0.0238638948649168,-0.7458840012550354,0,0
8458,1711,-0.6825928688049316,-0.02398595958948135,-0.742954432964325,0,0
8469,1712,-0.6830200552940369,-0.02429112605750561,-0.7465553879737854,0,0
8469,1713,-0.6836304068565369,-0.02435215935111046,-0.7445412874221802,0,0
8479,1714,-0.6835693717002869,-0.02423009276390076,-0.7485694885253906,0,0
8479,1715,-0.6835693717002869,-0.0238638948649168,-0.7498511672019959,0,0
8492,1716,-0.6821656227111816,-0.02258220128715038,-0.7482032775878906,0,0
8492,1717,-0.6836913824081421,-0.02154464088380337,-0.7511328458786011,0,0
8492,1718,-0.6841186285018921,-0.02246013469994068,-0.7477150559425354,0,0
8501,1719,-0.6840576529502869,-0.02117844484746456,-0.7492408156394959,0,0
8509,1720,-0.6849730610847473,-0.02270426787436009,-0.7491798400878906,0,0
8509,1721,-0.6868041157722473,-0.02130050957202911,-0.7486915588378906,0,0
8518,1722,-0.6861327290534973,-0.02178877405822277,-0.7528417706489563,0,0
8518,1723,-0.6876586079597473,-0.0202629491686821,-0.7493018507957459,0,0
8526,1724,-0.6851562261581421,-0.02050708048045635,-0.7494849562644959,0,0
8526,1725,-0.6824707388877869,-0.01940848678350449,-0.7482032775878906,0,0
8530,1726,-0.6844238042831421,-0.02160567417740822,-0.7526586651802063,0,0
8546,1727,-0.6860716938972473,-0.02191083878278732,-0.7574803233146668,0,0
8546,1728,-0.6848510503768921,-0.02184980548918247,-0.7529638409614563,0,0
8546,1729,-0.6829590201377869,-0.02270426787436009,-0.7567479014396668,0,0
8556,1730,-0.6835693717002869,-0.02160567417740822,-0.7563816905021668,0,0
8556,1731,-0.6830810904502869,-0.02117844484746456,-0.7555272579193115,0,0
8567,1732,-0.6824707388877869,-0.0205681137740612,-0.7521704435348511,0,0
8567,1733,-0.6823487281799316,-0.02020191587507725,-0.7514990568161011,0,0
8575,1734,-0.6799684166908264,-0.0204460471868515,-0.7504004836082459,0,0
8575,1735,-0.6818604469299316,-0.01928642019629479,-0.7509497404098511,0,0
8580,1736,-0.6823487281799316,-0.01922538690268993,-0.7484474182128906,0,0
8592,1737,-0.6830810904502869,-0.01892022229731083,-0.7510107755661011,0,0
8592,1738,-0.6812500953674316,-0.02075121179223061,-0.7516821622848511,0,0
8602,1739,-0.6807008385658264,-0.02130050957202911,-0.7507666349411011,0,0
8602,1740,-0.6808228492736816,-0.01861505769193173,-0.7564427256584168,0,0
8612,1741,-0.6791750192642212,-0.01623477227985859,-0.7529028058052063,0,0
8612,1742,-0.6796632409095764,-0.01690613478422165,-0.7513769865036011,0,0
8614,1743,-0.6800294518470764,-0.01470894739031792,-0.7554051280021668,0,0
8619,1744,-0.6786867380142212,-0.01263382658362389,-0.7563816905021668,0,0
8624,1745,-0.6800294518470764,-0.01226762868463993,-0.7563206553459168,0,0
8637,1746,-0.6793580651283264,-0.01208452973514795,-0.7553441524505615,0,0
8637,1747,-0.6810669898986816,-0.01293899118900299,-0.7538183331489563,0,0
8654,1748,-0.6807008385658264,-0.01293899118900299,-0.7538183331489563,0,0
8654,1749,-0.6783205270767212,-0.01385448593646288,-0.7540624737739563,0,0
8654,1750,-0.6749637126922607,-0.01629580371081829,-0.7523535490036011,0,0
8654,1751,-0.6749026775360107,-0.0168451014906168,-0.7541234493255615,0,0
8659,1752,-0.6730106472969055,-0.01800472848117352,-0.7513160109519959,0,0
8664,1753,-0.6736820340156555,-0.0171502660959959,-0.7552220821380615,0,0
8669,1754,-0.6733157634735107,-0.0170892346650362,-0.7522314190864563,0,0
8674,1755,-0.6712406873703003,-0.01879815757274628,-0.7518042325973511,0,0
8678,1756,-0.6714237928390503,-0.02117844484746456,-0.7529638409614563,0,0
8702,1757,-0.6719120740890503,-0.01953055150806904,-0.7554662227630615,0,0
8702,1758,-0.6734378933906555,-0.0202629491686821,-0.7521094083786011,0,0
8702,1759,-0.6744754314422607,-0.01971365325152874,-0.7511328458786011,0,0
8702,1760,-0.6735599040985107,-0.01873712427914143,-0.7508887648582459,0,0
8735,1761,-0.6742312908172607,-0.01892022229731083,-0.7536352276802063,0,0
8735,1762,-0.6752688884735107,-0.01745543070137501,-0.7527807950973511,0,0
8735,1763,-0.6750247478485107,-0.01580754108726978,-0.7508887648582459,0,0
8735,1764,-0.677038848400116,-0.01495308056473732,-0.7520483732223511,0,0
8735,1765,-0.6782594919204712,-0.01483101304620504,-0.7538183331489563,0,0
8736,1766,-0.6790528893470764,-0.01330519001930952,-0.7529638409614563,0,0
8736,1767,-0.6796632409095764,-0.0153192775323987,-0.7511938810348511,0,0
8754,1768,-0.6792359948158264,-0.01385448593646288,-0.7511938810348511,0,0
8754,1769,-0.6793580651283264,-0.01238969434052706,-0.7531469464302063,0,0
8754,1770,-0.6805176734924316,-0.009643210098147392,-0.7525976896286011,0,0
8754,1771,-0.6825928688049316,-0.01135213393718004,-0.7532079815864563,0,0
8773,1772,-0.6819825172424316,-0.01061973813921213,-0.7505835890769959,0,0
8773,1773,-0.6835693717002869,-0.008605649694800377,-0.7501563429832459,0,0
8774,1774,-0.6838745474815369,-0.008666682988405228,-0.7516211271286011,0,0
8774,1775,-0.6846069097518921,-0.009704243391752243,-0.7480201721191406,0,0
8797,1776,-0.6846069097518921,-0.009338045492768288,-0.7499122023582459,0,0
8797,1777,-0.6856444478034973,-0.009704243391752243,-0.7510107755661011,0,0
8798,1778,-0.6843627691268921,-0.01110800169408321,-0.7535131573677063,0,0
8798,1779,-0.6823487281799316,-0.01061973813921213,-0.7531469464302063,0,0
8798,1780,-0.6839355230331421,-0.01074180472642183,-0.7570530772209168,0,0
8807,1781,-0.6852782964706421,-0.009338045492768288,-0.7524755597114563,0,0
8807,1782,-0.6841796636581421,-0.01263382658362389,-0.7497290968894959,0,0
8813,1783,-0.6833252310752869,-0.01061973813921213,-0.7526586651802063,0,0
8821,1784,-0.6824707388877869,-0.01123006734997034,-0.7543675899505615,0,0
8831,1785,-0.6833862662315369,-0.01068077143281698,-0.7563816905021668,0,0
8831,1786,-0.6820434927940369,-0.01245072763413191,-0.7553441524505615,0,0
8851,1787,-0.6809449195861816,-0.01147420052438974,-0.7541234493255615,0,0
8851,1788,-0.6825928688049316,-0.01196246314793825,-0.7542455792427063,0,0
8851,1789,-0.6824097037315369,-0.0136713869869709,-0.7551610469818115,0,0
8851,1790,-0.6814942359924316,-0.0150141129270196,-0.7541844844818115,0,0
8852,1791,-0.6810059547424316,-0.01464791409671307,-0.7539403438568115,0,0
8866,1792,-0.6813111305236816,-0.01507514622062445,-0.7531469464302063,0,0
8866,1793,-0.6824707388877869,-0.01647890545427799,-0.7496070265769959,0,0
8884,1794,-0.6792359948158264,-0.01550237648189068,-0.7530859112739563,0,0
8884,1795,-0.6796022057533264,-0.01519721187651157,-0.7501563429832459,0,0
8884,1796,-0.6791750192642212,-0.01617373898625374,-0.7516821622848511,0,0
8885,1797,-0.6775270700454712,-0.01782162860035896,-0.7530859112739563,0,0
8916,1798,-0.6785646677017212,-0.01721129938960075,-0.7525976896286011,0,0
8916,1799,-0.6781374216079712,-0.01721129938960075,-0.7535741925239563,0,0
8916,1800,-0.6755740642547607,-0.01861505769193173,-0.7492408156394959,0,0
8916,1801,-0.675635039806366,-0.01867609098553658,-0.7518652677536011,0,0
8916,1802,-0.676062285900116,-0.01849299296736717,-0.7507666349411011,0,0
8916,1803,-0.6773439645767212,-0.01653993688523769,-0.7533300518989563,0,0
8916,1804,-0.6749637126922607,-0.0169671680778265,-0.7526586651802063,0,0
8950,1805,-0.6752688884735107,-0.0168451014906168,-0.7513160109519959,0,0
8951,1806,-0.6738651394844055,-0.01806576177477837,-0.7538183331489563,0,0
8951,1807,-0.6737430095672607,-0.01830989308655262,-0.7516211271286011,0,0
8951,1808,-0.6749026775360107,-0.01843195967376232,-0.7520483732223511,0,0
8952,1809,-0.6741702556610107,-0.01800472848117352,-0.7508277297019959,0,0
8952,1810,-0.6732547879219055,-0.01910332217812538,-0.7509497404098511,0,0
8953,1811,-0.6724003553390503,-0.01965261995792389,-0.7510718703269959,0,0
8987,1812,-0.6718509793281555,-0.01837092638015747,-0.7518652677536011,0,0
8987,1813,-0.6729496121406555,-0.01971365325152874,-0.7535741925239563,0,0
8987,1814,-0.6720340847969055,-0.02075121179223061,-0.7510107755661011,0,0
8988,1815,-0.6741702556610107,-0.01904228888452053,-0.7513769865036011,0,0
8988,1816,-0.6730716824531555,-0.02007984928786755,-0.7516821622848511,0,0
8988,1817,-0.6750247478485107,-0.02087327837944031,-0.7513769865036011,0,0
8988,1818,-0.6749026775360107,-0.0204460471868515,-0.7515600919723511,0,0
9004,1819,-0.6752688884735107,-0.02148360945284367,-0.7519872784614563,0,0
9004,1820,-0.675635039806366,-0.02221600338816643,-0.7497290968894959,0,0
9004,1821,-0.676977813243866,-0.0237418282777071,-0.7502173781394959,0,0
9009,1822,-0.6760013103485107,-0.02148360945284367,-0.7492408156394959,0,0
9009,1823,-0.676733672618866,-0.02099534310400486,-0.7507666349411011,0,0
9017,1824,-0.676611602306366,-0.02032398246228695,-0.7525976896286011,0,0
9026,1825,-0.6776491403579712,-0.01904228888452053,-0.7525976896286011,0,0
9026,1826,-0.6776491403579712,-0.01849299296736717,-0.7506446242332459,0,0
9033,1827,-0.6794801354408264,-0.01898125559091568,-0.7520483732223511,0,0
9039,1828,-0.6790528893470764,-0.01861505769193173,-0.7535131573677063,0,0
9039,1829,-0.6830200552940369,-0.01898125559091568,-0.7563206553459168,0,0
9046,1830,-0.6825928688049316,-0.01690613478422165,-0.7541234493255615,0,0
9052,1831,-0.6843627691268921,-0.0166620034724474,-0.7545506954193115,0,0
9057,1832,-0.6866210103034973,-0.01464791409671307,-0.7544897198677063,0,0
9062,1833,-0.6884520053863525,-0.01605167239904404,-0.7538183331489563,0,0
9065,1834,-0.6885740160942078,-0.01403758488595486,-0.7516821622848511,0,0
9076,1835,-0.690771222114563,-0.01330519001930952,-0.7550389766693115,0,0
9076,1836,-0.6890622973442078,-0.01092490274459124,-0.7534521222114563,0,0
9081,1837,-0.690527081489563,-0.01123006734997034,-0.7519263029098511,0,0
9087,1838,-0.6895505785942078,-0.01238969434052706,-0.7518042325973511,0,0
9089,1839,-0.6897947192192078,-0.009765275754034519,-0.7516821622848511,0,0
9094,1840,-0.6905881762504578,-0.009826309978961945,-0.7542455792427063,0,0
9099,1841,-0.6881468296051025,-0.008544617332518101,-0.7517431974411011,0,0
9104,1842,-0.6893675327301025,-0.008422550745308399,-0.7562596201896668,0,0
9109,1843,-0.6894285082817078,-0.01019250694662333,-0.7549779415130615,0,0
9114,1844,-0.6886351108551025,-0.01123006734997034,-0.7510718703269959,0,0
9127,1845,-0.6867430806159973,-0.01147420052438974,-0.7513160109519959,0,0
9127,1846,-0.6872923374176025,-0.01092490274459124,-0.7502784132957459,0,0
9134,1847,-0.6861937642097473,-0.01080283708870411,-0.7535131573677063,0,0
9134,1848,-0.6872313618659973,-0.01135213393718004,-0.7534521222114563,0,0
9143,1849,-0.6869261264801025,-0.01061973813921213,-0.7536352276802063,0,0
9143,1850,-0.6855224370956421,-0.01257279329001904,-0.7537572979927063,0,0
9148,1851,-0.6833252310752869,-0.01049767155200243,-0.7535741925239563,0,0
9153,1852,-0.6828369498252869,-0.01196246314793825,-0.7519872784614563,0,0
9158,1853,-0.6814942359924316,-0.01116903498768807,-0.7502173781394959,0,0
9163,1854,-0.6825317740440369,-0.01318312250077725,-0.7505835890769959,0,0
9178,1855,-0.6808839440345764,-0.01129110064357519,-0.7492408156394959,0,0
9178,1856,-0.6809449195861816,-0.01147420052438974,-0.7508887648582459,0,0
9178,1857,-0.6803345680236816,-0.01013147458434105,-0.7492408156394959,0,0
9204,1858,-0.6803956627845764,-0.01098593603819609,-0.7480201721191406,0,0
9204,1859,-0.6779543161392212,-0.01306105684489012,-0.7510107755661011,0,0
9204,1860,-0.6780153512954712,-0.01220659632235766,-0.7532690167427063,0,0
9204,1861,-0.677466094493866,-0.01458688080310822,-0.7482643127441406,0,0
9204,1862,-0.677038848400116,-0.01495308056473732,-0.7468605637550354,0,0
9213,1863,-0.675879180431366,-0.0136713869869709,-0.7517431974411011,0,0
9213,1864,-0.6783205270767212,-0.01452584844082594,-0.7493628859519959,0,0
9217,1865,-0.676306426525116,-0.0134882889688015,-0.7505835890769959,0,0
9230,1866,-0.6779543161392212,-0.01123006734997034,-0.7504615187644959,0,0
9230,1867,-0.6773439645767212,-0.01251176092773676,-0.7511328458786011,0,0
9238,1868,-0.6737430095672607,-0.0120234964415431,-0.7486915588378906,0,0
9238,1869,-0.676245391368866,-0.01049767155200243,-0.7496070265769959,0,0
9243,1870,-0.677221953868866,-0.009215979836881161,-0.7494239211082459,0,0
9248,1871,-0.6778932809829712,-0.01135213393718004,-0.7524145245552063,0,0
9252,1872,-0.6753909587860107,-0.008910814300179482,-0.7514380216598511,0,0
9258,1873,-0.676245391368866,-0.007446023635566235,-0.7502784132957459,0,0
9261,1874,-0.6781984567642212,-0.008056352846324444,-0.7540014386177063,0,0
9274,1875,-0.677221953868866,-0.009704243391752243,-0.7561375498771668,0,0
9274,1876,-0.676489531993866,-0.009215979836881161,-0.7535741925239563,0,0
9282,1877,-0.6784425973892212,-0.00915494654327631,-0.7524145245552063,0,0
9282,1878,-0.6780153512954712,-0.008971847593784332,-0.7557713985443115,0,0
9290,1879,-0.677099883556366,-0.00915494654327631,-0.7551610469818115,0,0
9293,1880,-0.6789919137954712,-0.01208452973514795,-0.7594943642616272,0,0
9297,1881,-0.6785036325454712,-0.009887342341244221,-0.7557103633880615,0,0
9302,1882,-0.6788087487220764,-0.01116903498768807,-0.757785439491272,0,0
9307,1883,-0.6797853112220764,-0.01000940892845392,-0.7553441524505615,0,0
9311,1884,-0.6785036325454712,-0.009277013130486012,-0.758029580116272,0,0
9343,1885,-0.6788087487220764,-0.01184039749205113,-0.7541844844818115,0,0
9343,1886,-0.6825317740440369,-0.01208452973514795,-0.7544897198677063,0,0
9344,1887,-0.6795411705970764,-0.008971847593784332,-0.7536962032318115,0,0
9344,1888,-0.6788697838783264,-0.008544617332518101,-0.7526586651802063,0,0
9344,1889,-0.6789919137954712,-0.009887342341244221,-0.7537572979927063,0,0
9344,1890,-0.6811890602111816,-0.009338045492768288,-0.7496680617332459,0,0
9371,1891,-0.6823487281799316,-0.01116903498768807,-0.7545506954193115,0,0
9371,1892,-0.6841186285018921,-0.009887342341244221,-0.7525976896286011,0,0
9371,1893,-0.6836913824081421,-0.009460111148655415,-0.7533300518989563,0,0
9371,1894,-0.6830200552940369,-0.008727715350687504,-0.7533910870552063,0,0
9372,1895,-0.6832031607627869,-0.006042264867573977,-0.7517431974411011,0,0
9372,1896,-0.6832641959190369,-0.008544617332518101,-0.7517431974411011,0,0
9394,1897,-0.6829590201377869,-0.005981231573969126,-0.7511328458786011,0,0
9394,1898,-0.6844848394393921,-0.00543193519115448,-0.7517431974411011,0,0
9394,1899,-0.6851562261581421,-0.005798133090138435,-0.7458229660987854,0,0
9394,1900,-0.6847900152206421,-0.008910814300179482,-0.7483863830566406,0,0
9425,1901,-0.6841796636581421,-0.008910814300179482,-0.7459450364112854,0,0
9426,1902,-0.6833862662315369,-0.008849781937897205,-0.7468605637550354,0,0
9426,1903,-0.6844238042831421,-0.007873253896832466,-0.7469826340675354,0,0
9426,1904,-0.6845458745956421,-0.009521144442260265,-0.7495459914207459,0,0
9426,1905,-0.6836304068565369,-0.008178418502211571,-0.7477150559425354,0,0
9426,1906,-0.6850951910018921,-0.009948375634849072,-0.7489967346191406,0,0
9426,1907,-0.6856444478034973,-0.01055870577692986,-0.7480201721191406,0,0
9452,1908,-0.6882688999176025,-0.0132441557943821,-0.7470436692237854,0,0
9452,1909,-0.6849120855331421,-0.01141316723078489,-0.7506446242332459,0,0
9452,1910,-0.6843627691268921,-0.01269485894590616,-0.7532079815864563,0,0
9452,1911,-0.6849730610847473,-0.01336622331291437,-0.7541844844818115,0,0
9452,1912,-0.6846069097518921,-0.01361035462468863,-0.7500953078269959,0,0
9462,1913,-0.6844238042831421,-0.01269485894590616,-0.7511328458786011,0,0
9462,1914,-0.6825928688049316,-0.01422068383544684,-0.7511328458786011,0,0
9475,1915,-0.6827148795127869,-0.01312208920717239,-0.7532079815864563,0,0
9475,1916,-0.6814332008361816,-0.01098593603819609,-0.7554662227630615,0,0
9475,1917,-0.6814332008361816,-0.0121455630287528,-0.7540014386177063,0,0
9485,1918,-0.6811890602111816,-0.01293899118900299,-0.7550389766693115,0,0
9485,1919,-0.6798463463783264,-0.01440378278493881,-0.758029580116272,0,0
9497,1920,-0.6803956627845764,-0.01409861817955971,-0.757968544960022,0,0
9497,1921,-0.677282989025116,-0.01519721187651157,-0.7559545040130615,0,0
9507,1922,-0.6789919137954712,-0.01470894739031792,-0.757968544960022,0,0
9507,1923,-0.6792359948158264,-0.01574650779366493,-0.757907509803772,0,0
9515,1924,-0.6781374216079712,-0.01751646399497986,-0.7564427256584168,0,0
9515,1925,-0.676611602306366,-0.01745543070137501,-0.7536352276802063,0,0
9523,1926,-0.677466094493866,-0.01934745348989964,-0.7532079815864563,0,0
9523,1927,-0.677282989025116,-0.01849299296736717,-0.7547338008880615,0,0
9531,1928,-0.6753299236297607,-0.02001881785690785,-0.7530248761177063,0,0
9538,1929,-0.6750857830047607,-0.01983571797609329,-0.7546117305755615,0,0
9539,1930,-0.6709355711936951,-0.02111741155385971,-0.7533910870552063,0,0
9543,1931,-0.6727665066719055,-0.02166670747101307,-0.7525366544723511,0,0
9548,1932,-0.6747195720672607,-0.01855402626097202,-0.7505835890769959,0,0
9554,1933,-0.6736820340156555,-0.01849299296736717,-0.7499122023582459,0,0
9576,1934,-0.6731937527656555,-0.01867609098553658,-0.7517431974411011,0,0
9576,1935,-0.6714237928390503,-0.01898125559091568,-0.7527197003364563,0,0
9576,1936,-0.6714848279953003,-0.01818782836198807,-0.7532079815864563,0,0
9576,1937,-0.6717289686203003,-0.01812679506838322,-0.7514380216598511,0,0
9591,1938,-0.6722172498703003,-0.01922538690268993,-0.7524145245552063,0,0
9591,1939,-0.6719120740890503,-0.02172774076461792,-0.7500342726707459,0,0
9591,1940,-0.6743533611297607,-0.0204460471868515,-0.7512549161911011,0,0
9612,1941,-0.6736820340156555,-0.02020191587507725,-0.7512549161911011,0,0
9612,1942,-0.6731937527656555,-0.0202629491686821,-0.7491187453269959,0,0
9612,1943,-0.6745975017547607,-0.01983571797609329,-0.7502784132957459,0,0
9613,1944,-0.675635039806366,-0.01934745348989964,-0.7490577101707459,0,0
9613,1945,-0.6760013103485107,-0.01995778456330299,-0.7522314190864563,0,0
9628,1946,-0.6775270700454712,-0.01922538690268993,-0.7507666349411011,0,0
9628,1947,-0.6749026775360107,-0.01812679506838322,-0.7505224943161011,0,0
9628,1948,-0.676306426525116,-0.01830989308655262,-0.7518042325973511,0,0
9645,1949,-0.6780153512954712,-0.01562444213777781,-0.7537572979927063,0,0
9646,1950,-0.6778932809829712,-0.0170892346650362,-0.7518652677536011,0,0
9646,1951,-0.6819214820861816,-0.0168451014906168,-0.7541844844818115,0,0
9658,1952,-0.6819214820861816,-0.01483101304620504,-0.7527197003364563,0,0
9658,1953,-0.6824707388877869,-0.01226762868463993,-0.7521094083786011,0,0
9658,1954,-0.6843627691268921,-0.01208452973514795,-0.7498511672019959,0,0
9665,1955,-0.6866210103034973,-0.01025354024022818,-0.7525366544723511,0,0
9671,1956,-0.6874755024909973,-0.008788748644292355,-0.7505224943161011,0,0
9677,1957,-0.6880857944488525,-0.008056352846324444,-0.7482643127441406,0,0
9677,1958,-0.6899167895317078,-0.006286396645009518,-0.7500342726707459,0,0
9683,1959,-0.691015362739563,-0.008239452727138996,-0.7525366544723511,0,0
9694,1960,-0.6895505785942078,-0.006225363817065954,-0.7500342726707459,0,0
9694,1961,-0.6897947192192078,-0.00494367117062211,-0.7489356994628906,0,0
9697,1962,-0.691198468208313,-0.004699539393186569,-0.7480201721191406,0,0
9701,1963,-0.6899778246879578,-0.003661978524178267,-0.7443581819534302,0,0
9756,1964,-0.690954327583313,-0.00189202232286334,-0.7494849562644959,0,0
9756,1965,-0.6924191117286682,-0.001647890312597156,-0.7475318908691406,0,0
9756,1966,-0.691930890083313,-0.001220659469254315,-0.7461891770362854,0,0
9756,1967,-0.6896726489067078,-0.00189202232286334,-0.7494849562644959,0,0
9757,1968,-0.690771222114563,-0.002624417888000608,-0.7502173781394959,0,0
9757,1969,-0.691381573677063,-0.003600945696234703,-0.7490577101707459,0,0
9757,1970,-0.6894285082817078,-0.003723011817783117,-0.7466774582862854,0,0
9757,1971,-0.6896726489067078,-0.005981231573969126,-0.7503394484519959,0,0
9757,1972,-0.6894895434379578,-0.005859165918081999,-0.7508277297019959,0,0
9758,1973,-0.6893675327301025,-0.005126770120114088,-0.7520483732223511,0,0
9758,1974,-0.6890012621879578,-0.006591561250388622,-0.7512549161911011,0,0
9767,1975,-0.6870482563972473,-0.007934287190437317,-0.7499122023582459,0,0
9767,1976,-0.6865599751472473,-0.008239452727138996,-0.7479591369628906,0,0
9774,1977,-0.6871092319488525,-0.008605649694800377,-0.7479591369628906,0,0
9782,1978,-0.6858275532722473,-0.009093914180994034,-0.7480812072753906,0,0
9782,1979,-0.6858275532722473,-0.01086387038230896,-0.7472878098487854,0,0
9792,1980,-0.6849730610847473,-0.01074180472642183,-0.7513160109519959,0,0
9792,1981,-0.6823487281799316,-0.01019250694662333,-0.7500342726707459,0,0
9804,1982,-0.6826538443565369,-0.01184039749205113,-0.7524145245552063,0,0
9804,1983,-0.6828979849815369,-0.01074180472642183,-0.7522925138473511,0,0
9826,1984,-0.6826538443565369,-0.009704243391752243,-0.7523535490036011,0,0
9826,1985,-0.6846069097518921,-0.01104696933180094,-0.7535741925239563,0,0
9826,1986,-0.6824097037315369,-0.0132441557943821,-0.7535131573677063,0,0
9826,1987,-0.6797853112220764,-0.01361035462468863,-0.7510107755661011,0,0
9826,1988,-0.6798463463783264,-0.01538031082600355,-0.7510718703269959,0,0
9840,1989,-0.6785646677017212,-0.01342725567519665,-0.7535131573677063,0,0
9840,1990,-0.6785646677017212,-0.0153192775323987,-0.7563816905021668,0,0
9840,1991,-0.6783815622329712,-0.01489204727113247,-0.7524145245552063,0,0
9848,1992,-0.676611602306366,-0.01476997975260019,-0.7513160109519959,0,0
9856,1993,-0.6774049997329712,-0.01507514622062445,-0.7505224943161011,0,0
9856,1994,-0.6784425973892212,-0.01751646399497986,-0.7497901320457459,0,0
9864,1995,-0.676855742931366,-0.01788266189396381,-0.7510107755661011,0,0
9864,1996,-0.6734378933906555,-0.0170892346650362,-0.7518042325973511,0,0
9872,1997,-0.676062285900116,-0.01849299296736717,-0.7489356994628906,0,0
9879,1998,-0.6782594919204712,-0.01946952007710934,-0.7502784132957459,0,0
9879,1999,-0.676428496837616,-0.01739439927041531,-0.7513769865036011,0,0
9884,2000,-0.675696074962616,-0.01800472848117352,-0.7525976896286011,0,0
9889,2001,-0.6782594919204712,-0.01721129938960075,-0.7526586651802063,0,0
9894,2002,-0.6778322458267212,-0.01574650779366493,-0.7519872784614563,0,0
9922,2003,-0.676733672618866,-0.01538031082600355,-0.7493018507957459,0,0
9922,2004,-0.6789919137954712,-0.01617373898625374,-0.7488746047019959,0,0
9922,2005,-0.6807008385658264,-0.01513617858290672,-0.7492408156394959,0,0
9923,2006,-0.6810059547424316,-0.01513617858290672,-0.7494239211082459,0,0
9923,2007,-0.6791139245033264,-0.01446481514722109,-0.7471656799316406,0,0
9940,2008,-0.6808228492736816,-0.01373242028057575,-0.7475929260253906,0,0
9940,2009,-0.6824707388877869,-0.01562444213777781,-0.7533910870552063,0,0
9940,2010,-0.6786256432533264,-0.01293899118900299,-0.7525366544723511,0,0
9940,2011,-0.6797242760658264,-0.01251176092773676,-0.7505224943161011,0,0
9944,2012,-0.6826538443565369,-0.011718331836164,-0.7494849562644959,0,0
9949,2013,-0.6803956627845764,-0.0121455630287528,-0.7504615187644959,0,0
9967,2014,-0.6811890602111816,-0.01257279329001904,-0.7484474182128906,0,0
9967,2015,-0.6816773414611816,-0.01238969434052706,-0.7492408156394959,0,0
9967,2016,-0.6802735924720764,-0.01318312250077725,-0.7514380216598511,0,0
9975,2017,-0.6814332008361816,-0.01306105684489012,-0.7511938810348511,0,0
9975,2018,-0.6816773414611816,-0.01415965054184198,-0.7518042325973511,0,0
9982,2019,-0.6814942359924316,-0.01592960767447949,-0.7505835890769959,0,0
9988,2020,-0.6783205270767212,-0.0169671680778265,-0.7464943528175354,0,0
9988,2021,-0.6814332008361816,-0.0171502660959959,-0.7454567551612854,0,0
9993,2022,-0.6811890602111816,-0.0170892346650362,-0.7478981018066406,0,0
10004,2023,-0.6813721656799316,-0.01635683700442314,-0.7505835890769959,0,0
10004,2024,-0.6804566979408264,-0.01788266189396381,-0.7534521222114563,0,0
10011,2025,-0.6800294518470764,-0.01904228888452053,-0.7524145245552063,0,0
10016,2026,-0.6796632409095764,-0.01556340977549553,-0.7520483732223511,0,0
10017,2027,-0.6810669898986816,-0.01727233268320561,-0.7539403438568115,0,0
10022,2028,-0.6814332008361816,-0.01513617858290672,-0.7547948360443115,0,0
10027,2029,-0.6803345680236816,-0.01470894739031792,-0.7504004836082459,0,0
10032,2030,-0.6799073815345764,-0.01361035462468863,-0.7532690167427063,0,0
10037,2031,-0.6810059547424316,-0.0150141129270196,-0.7493018507957459,0,0
10042,2032,-0.6808228492736816,-0.01354932133108378,-0.7496680617332459,0,0
10050,2033,-0.6829590201377869,-0.01342725567519665,-0.7490577101707459,0,0
10056,2034,-0.6828369498252869,-0.01055870577692986,-0.7480201721191406,0,0
10057,2035,-0.6831421256065369,-0.01104696933180094,-0.7493018507957459,0,0
10062,2036,-0.6833252310752869,-0.01013147458434105,-0.7474098205566406,0,0
10067,2037,-0.6811890602111816,-0.007690155413001776,-0.7484474182128906,0,0
10072,2038,-0.6832641959190369,-0.005492968019098043,-0.7483253479003906,0,0
10077,2039,-0.6841796636581421,-0.00427230866625905,-0.7447854280471802,0,0
10082,2040,-0.6840576529502869,-0.005676066968590021,-0.7455178499221802,0,0
10087,2041,-0.6843627691268921,-0.005370902363210917,-0.7477150559425354,0,0
10092,2042,-0.6844238042831421,-0.00488263787701726,-0.7495459914207459,0,0
10124,2043,-0.6855224370956421,-0.00488263787701726,-0.7472878098487854,0,0
10124,2044,-0.6852172017097473,-0.004516440443694592,-0.7480812072753906,0,0
10124,2045,-0.6863768696784973,-0.005370902363210917,-0.7519263029098511,0,0
10124,2046,-0.6861937642097473,-0.007873253896832466,-0.7502784132957459,0,0
10124,2047,-0.6858275532722473,-0.007995319552719593,-0.7507666349411011,0,0
10125,2048,-0.6885130405426025,-0.006835693493485451,-0.7510107755661011,0,0
10144,2049,-0.6865599751472473,-0.009460111148655415,-0.7524755597114563,0,0
10144,2050,-0.6877806186676025,-0.009277013130486012,-0.7510107755661011,0,0
10144,2051,-0.6894285082817078,-0.009215979836881161,-0.7500342726707459,0,0
10144,2052,-0.6900388598442078,-0.007751188240945339,-0.7514990568161011,0,0
10162,2053,-0.6863768696784973,-0.0100704412907362,-0.7530248761177063,0,0
10162,2054,-0.6869872212409973,-0.009765275754034519,-0.7541844844818115,0,0
10162,2055,-0.6870482563972473,-0.009826309978961945,-0.7508887648582459,0,0
10162,2056,-0.6860106587409973,-0.01190143078565598,-0.7510107755661011,0,0
10169,2057,-0.6841186285018921,-0.0120234964415431,-0.7493018507957459,0,0
10171,2058,-0.6835693717002869,-0.01330519001930952,-0.7497290968894959,0,0
10175,2059,-0.6822265982627869,-0.01361035462468863,-0.7500953078269959,0,0
10181,2060,-0.6829590201377869,-0.01293899118900299,-0.7522925138473511,0,0
10186,2061,-0.6832031607627869,-0.01306105684489012,-0.7543065547943115,0,0
10209,2062,-0.6825317740440369,-0.01397655159235001,-0.7516211271286011,0,0
10209,2063,-0.6823487281799316,-0.0137934535741806,-0.7530859112739563,0,0
10209,2064,-0.6780763864517212,-0.01519721187651157,-0.7516211271286011,0,0
10210,2065,-0.6787477731704712,-0.01287795789539814,-0.7500953078269959,0,0
10238,2066,-0.6785036325454712,-0.01342725567519665,-0.7494849562644959,0,0
10239,2067,-0.6803345680236816,-0.01428171619772911,-0.7534521222114563,0,0
10240,2068,-0.6801515221595764,-0.01318312250077725,-0.7540014386177063,0,0
10240,2069,-0.6783815622329712,-0.01281692553311586,-0.7521704435348511,0,0
10240,2070,-0.6789308786392212,-0.01226762868463993,-0.7511328458786011,0,0
10241,2071,-0.6791139245033264,-0.01336622331291437,-0.7528417706489563,0,0
10242,2072,-0.6782594919204712,-0.01476997975260019,-0.7498511672019959,0,0
10261,2073,-0.676245391368866,-0.01318312250077725,-0.7546117305755615,0,0
10261,2074,-0.6744143962860107,-0.01428171619772911,-0.7552220821380615,0,0
10262,2075,-0.677466094493866,-0.01440378278493881,-0.7516211271286011,0,0
10262,2076,-0.676428496837616,-0.01361035462468863,-0.7510718703269959,0,0
10275,2077,-0.677282989025116,-0.01519721187651157,-0.7533300518989563,0,0
10275,2078,-0.6755130290985107,-0.01373242028057575,-0.7521704435348511,0,0
10275,2079,-0.6757571697235107,-0.01385448593646288,-0.7514380216598511,0,0
10287,2080,-0.6784425973892212,-0.01245072763413191,-0.7508887648582459,0,0
10287,2081,-0.6781374216079712,-0.01489204727113247,-0.7491798400878906,0,0
10299,2082,-0.676855742931366,-0.01415965054184198,-0.7503394484519959,0,0
10299,2083,-0.677282989025116,-0.01452584844082594,-0.7519872784614563,0,0
10299,2084,-0.6758182048797607,-0.01568547450006008,-0.7511938810348511,0,0
10308,2085,-0.676672637462616,-0.01544134318828583,-0.7513769865036011,0,0
10315,2086,-0.6786867380142212,-0.01415965054184198,-0.7513160109519959,0,0
10315,2087,-0.6776491403579712,-0.01476997975260019,-0.7494239211082459,0,0
10323,2088,-0.6803345680236816,-0.01525824517011643,-0.7514380216598511,0,0
10330,2089,-0.6802125573158264,-0.01489204727113247,-0.7541234493255615,0,0
10330,2090,-0.6803956627845764,-0.01519721187651157,-0.7478981018066406,0,0
10334,2091,-0.6809449195861816,-0.01525824517011643,-0.7515600919723511,0,0
10339,2092,-0.6823487281799316,-0.01446481514722109,-0.7514990568161011,0,0
10349,2093,-0.6812500953674316,-0.01293899118900299,-0.7510718703269959,0,0
10349,2094,-0.6825317740440369,-0.01446481514722109,-0.7513160109519959,0,0
10357,2095,-0.6822265982627869,-0.0120234964415431,-0.7554662227630615,0,0
10365,2096,-0.6822265982627869,-0.01141316723078489,-0.7527197003364563,0,0
10365,2097,-0.6819825172424316,-0.01025354024022818,-0.7492408156394959,0,0
10374,2098,-0.6830810904502869,-0.01049767155200243,-0.7543065547943115,0,0
10374,2099,-0.6833252310752869,-0.01263382658362389,-0.7516821622848511,0,0
10378,2100,-0.6842406988143921,-0.0121455630287528,-0.7520483732223511,0,0
10383,2101,-0.6847900152206421,-0.01220659632235766,-0.7499122023582459,0,0
10396,2102,-0.6850951910018921,-0.01251176092773676,-0.7521704435348511,0,0
10396,2103,-0.6850951910018921,-0.01238969434052706,-0.7525366544723511,0,0
10422,2104,-0.6861327290534973,-0.00915494654327631,-0.7518652677536011,0,0
10422,2105,-0.6860716938972473,-0.01141316723078489,-0.7499122023582459,0,0
10422,2106,-0.6858275532722473,-0.009643210098147392,-0.7532690167427063,0,0
10423,2107,-0.6860106587409973,-0.009887342341244221,-0.7541234493255615,0,0
10423,2108,-0.6850341558456421,-0.01000940892845392,-0.7515600919723511,0,0
10423,2109,-0.6849730610847473,-0.01275589223951101,-0.7526586651802063,0,0
10428,2110,-0.6847900152206421,-0.01251176092773676,-0.7511938810348511,0,0
10432,2111,-0.6832641959190369,-0.01403758488595486,-0.7510718703269959,0,0
10458,2112,-0.6823487281799316,-0.01361035462468863,-0.7510107755661011,0,0
10458,2113,-0.6851562261581421,-0.01141316723078489,-0.7501563429832459,0,0
10458,2114,-0.6828369498252869,-0.01147420052438974,-0.7519872784614563,0,0
10459,2115,-0.6832641959190369,-0.01238969434052706,-0.7499732375144959,0,0
10459,2116,-0.6808228492736816,-0.01263382658362389,-0.7483253479003906,0,0
10489,2117,-0.6834473013877869,-0.01483101304620504,-0.7516211271286011,0,0
10489,2118,-0.6824097037315369,-0.01434274949133396,-0.7517431974411011,0,0
10489,2119,-0.6811890602111816,-0.01306105684489012,-0.7540624737739563,0,0
10489,2120,-0.6825317740440369,-0.01263382658362389,-0.7496070265769959,0,0
10489,2121,-0.6824097037315369,-0.01177936512976885,-0.7491798400878906,0,0
10489,2122,-0.6811280250549316,-0.01293899118900299,-0.7494849562644959,0,0
10528,2123,-0.6807618141174316,-0.01165729854255915,-0.7515600919723511,0,0
10528,2124,-0.6794801354408264,-0.01184039749205113,-0.7536352276802063,0,0
10528,2125,-0.6811890602111816,-0.01226762868463993,-0.7517431974411011,0,0
10529,2126,-0.6805787086486816,-0.01123006734997034,-0.7516211271286011,0,0
10530,2127,-0.6792359948158264,-0.01422068383544684,-0.7507666349411011,0,0
10530,2128,-0.6796022057533264,-0.01257279329001904,-0.7524755597114563,0,0
10530,2129,-0.6801515221595764,-0.01257279329001904,-0.7525366544723511,0,0
10530,2130,-0.6796022057533264,-0.01391551923006773,-0.7527197003364563,0,0
10553,2131,-0.6781984567642212,-0.01361035462468863,-0.7494849562644959,0,0
10553,2132,-0.6778932809829712,-0.01580754108726978,-0.7485084533691406,0,0
10553,2133,-0.6786867380142212,-0.01605167239904404,-0.7482032775878906,0,0
10553,2134,-0.6792359948158264,-0.0134882889688015,-0.7514990568161011,0,0
10553,2135,-0.6799684166908264,-0.01415965054184198,-0.7500342726707459,0,0
10573,2136,-0.6791139245033264,-0.01446481514722109,-0.7509497404098511,0,0
10573,2137,-0.6786867380142212,-0.01428171619772911,-0.7517431974411011,0,0
10573,2138,-0.6784425973892212,-0.01556340977549553,-0.7509497404098511,0,0
10573,2139,-0.6789919137954712,-0.01415965054184198,-0.7497901320457459,0,0
10598,2140,-0.6799684166908264,-0.01196246314793825,-0.7483253479003906,0,0
10598,2141,-0.6799073815345764,-0.01415965054184198,-0.7493628859519959,0,0
10598,2142,-0.6799684166908264,-0.01354932133108378,-0.7478370666503906,0,0
10598,2143,-0.6812500953674316,-0.01336622331291437,-0.7519263029098511,0,0
10598,2144,-0.6823487281799316,-0.01342725567519665,-0.7508887648582459,0,0
10611,2145,-0.6797242760658264,-0.01354932133108378,-0.7489356994628906,0,0
10611,2146,-0.6824707388877869,-0.01409861817955971,-0.7472878098487854,0,0
10612,2147,-0.6829590201377869,-0.01385448593646288,-0.7505224943161011,0,0
10623,2148,-0.6826538443565369,-0.01428171619772911,-0.7473487854003906,0,0
10623,2149,-0.6843627691268921,-0.01336622331291437,-0.7466164231300354,0,0
10636,2150,-0.6832031607627869,-0.01440378278493881,-0.7489356994628906,0,0
10636,2151,-0.6846069097518921,-0.01476997975260019,-0.7455178499221802,0,0
10636,2152,-0.6845458745956421,-0.01605167239904404,-0.7460061311721802,0,0
10648,2153,-0.6849730610847473,-0.01562444213777781,-0.7486304640769959,0,0
10648,2154,-0.6850341558456421,-0.01568547450006008,-0.7521094083786011,0,0
10656,2155,-0.6869261264801025,-0.01776059530675411,-0.7475318908691406,0,0
10656,2156,-0.6852782964706421,-0.0136713869869709,-0.7500342726707459,0,0
10665,2157,-0.6866819858551025,-0.01470894739031792,-0.7499122023582459,0,0
10665,2158,-0.6861937642097473,-0.01434274949133396,-0.7474098205566406,0,0
10672,2159,-0.6849120855331421,-0.01568547450006008,-0.7482032775878906,0,0
10679,2160,-0.6886351108551025,-0.01464791409671307,-0.7516211271286011,0,0
10688,2161,-0.6874144077301025,-0.01373242028057575,-0.7544286251068115,0,0
10689,2162,-0.6869261264801025,-0.01269485894590616,-0.7537572979927063,0,0
10697,2163,-0.6882078647613525,-0.01208452973514795,-0.7530859112739563,0,0
10697,2164,-0.6882078647613525,-0.01104696933180094,-0.7532690167427063,0,0
10704,2165,-0.6872923374176025,-0.01086387038230896,-0.7491187453269959,0,0
10705,2166,-0.6877806186676025,-0.007446023635566235,-0.7525366544723511,0,0
10710,2167,-0.6874144077301025,-0.008361518383026123,-0.7540624737739563,0,0
10715,2168,-0.6840576529502869,-0.00665259500965476,-0.7510107755661011,0,0
10719,2169,-0.6865599751472473,-0.004821605049073696,-0.7532079815864563,0,0
10725,2170,-0.6871702671051025,-0.007018792442977428,-0.7540014386177063,0,0
10735,2171,-0.6852782964706421,-0.00543193519115448,-0.7563206553459168,0,0
10735,2172,-0.6845458745956421,-0.004516440443694592,-0.7528417706489563,0,0
10742,2173,-0.6839965581893921,-0.006103298161178827,-0.7514380216598511,0,0
10749,2174,-0.6839355230331421,-0.004394374322146177,-0.7558323740959168,0,0
10749,2175,-0.6858275532722473,-0.00427230866625905,-0.7504615187644959,0,0
10759,2176,-0.6824097037315369,-0.003112681908532977,-0.7485084533691406,0,0
10759,2177,-0.6810059547424316,-0.002807516837492585,-0.7549169063568115,0,0
10764,2178,-0.6799684166908264,-0.00244131893850863,-0.7536352276802063,0,0
10769,2179,-0.6789308786392212,-0.003967143595218658,-0.7526586651802063,0,0
10774,2180,-0.6799073815345764,-0.002990615786984563,-0.7527807950973511,0,0
10787,2181,-0.6799684166908264,-0.00488263787701726,-0.7518652677536011,0,0
10787,2182,-0.677099883556366,-0.005248835776001215,-0.7544286251068115,0,0
10797,2183,-0.6791750192642212,-0.005248835776001215,-0.7543065547943115,0,0
10797,2184,-0.6773439645767212,-0.006347429472953081,-0.7527197003364563,0,0
10808,2185,-0.677099883556366,-0.00665259500965476,-0.7540014386177063,0,0
10808,2186,-0.6776491403579712,-0.00561503367498517,-0.7522925138473511,0,0
10808,2187,-0.675696074962616,-0.006530528422445059,-0.7509497404098511,0,0
10813,2188,-0.676733672618866,-0.008727715350687504,-0.7510107755661011,0,0
10819,2189,-0.6776491403579712,-0.009643210098147392,-0.7533300518989563,0,0
10823,2190,-0.676855742931366,-0.01019250694662333,-0.7520483732223511,0,0
10844,2191,-0.676550567150116,-0.008971847593784332,-0.7527197003364563,0,0
10844,2192,-0.676428496837616,-0.007507056463509798,-0.7514990568161011,0,0
10844,2193,-0.6786867380142212,-0.00665259500965476,-0.7547338008880615,0,0
10845,2194,-0.675696074962616,-0.006896726787090302,-0.7545506954193115,0,0
10870,2195,-0.677466094493866,-0.004577473271638155,-0.7546727657318115,0,0
10870,2196,-0.6785646677017212,-0.007629122585058212,-0.7562596201896668,0,0
10870,2197,-0.6780763864517212,-0.007812221068888903,-0.757358193397522,0,0
10871,2198,-0.6785036325454712,-0.00561503367498517,-0.7546117305755615,0,0
10871,2199,-0.6786867380142212,-0.003661978524178267,-0.7571751475334168,0,0
10903,2200,-0.6780153512954712,-0.003600945696234703,-0.757907509803772,0,0
10903,2201,-0.6810059547424316,-0.004394374322146177,-0.7544897198677063,0,0
10903,2202,-0.6805176734924316,-0.003845077706500888,-0.7565647959709168,0,0
10903,2203,-0.6804566979408264,-0.004577473271638155,-0.7546727657318115,0,0
10903,2204,-0.6802735924720764,-0.006164330989122391,-0.7524145245552063,0,0
10903,2205,-0.6789919137954712,-0.00726292422041297,-0.7542455792427063,0,0
10904,2206,-0.676550567150116,-0.008178418502211571,-0.7571751475334168,0,0
10923,2207,-0.676794707775116,-0.007995319552719593,-0.7566868662834168,0,0
10923,2208,-0.676367461681366,-0.006225363817065954,-0.757541298866272,0,0
10923,2209,-0.676611602306366,-0.007446023635566235,-0.7585788369178772,0,0
10923,2210,-0.676672637462616,-0.01000940892845392,-0.7554662227630615,0,0
10943,2211,-0.676367461681366,-0.0120234964415431,-0.7543065547943115,0,0
10943,2212,-0.676245391368866,-0.01086387038230896,-0.7557713985443115,0,0
10943,2213,-0.675635039806366,-0.009399078786373138,-0.758517861366272,0,0
10943,2214,-0.6760013103485107,-0.01049767155200243,-0.7544286251068115,0,0
10964,2215,-0.6758182048797607,-0.01110800169408321,-0.7521094083786011,0,0
10964,2216,-0.676611602306366,-0.0132441557943821,-0.7513160109519959,0,0
10964,2217,-0.676672637462616,-0.01110800169408321,-0.7523535490036011,0,0
10964,2218,-0.6753299236297607,-0.01165729854255915,-0.7508887648582459,0,0
10990,2219,-0.6741702556610107,-0.009887342341244221,-0.7544897198677063,0,0
10990,2220,-0.6743533611297607,-0.009215979836881161,-0.7532079815864563,0,0
10990,2221,-0.6743533611297607,-0.008056352846324444,-0.7545506954193115,0,0
10990,2222,-0.6746585369110107,-0.007873253896832466,-0.7539403438568115,0,0
10991,2223,-0.6733768582344055,-0.006103298161178827,-0.7538183331489563,0,0
10991,2224,-0.675940215587616,-0.004638506565243006,-0.7527807950973511,0,0
11012,2225,-0.676855742931366,-0.004028176423162222,-0.7507055997848511,0,0
11012,2226,-0.676733672618866,-0.003234747797250748,-0.7528417706489563,0,0
11012,2227,-0.6781984567642212,-0.001708923373371363,-0.7547948360443115,0,0
11012,2228,-0.676428496837616,-0.001830989262089133,-0.7574192881584168,0,0
11022,2229,-0.6796632409095764,-0.002014088211581111,-0.7566258311271668,0,0
11022,2230,-0.6786867380142212,-0.002136154333129525,-0.7585788369178772,0,0
11030,2231,-0.6808228492736816,-0.002502352232113481,-0.758395791053772,0,0
11037,2232,-0.6789919137954712,-0.004028176423162222,-0.758212685585022,0,0
11037,2233,-0.6796632409095764,-0.004028176423162222,-0.7546727657318115,0,0
11044,2234,-0.6813111305236816,-0.001220659469254315,-0.7596774697303772,0,0
11053,2235,-0.6814942359924316,-0.002868550131097436,-0.7561986446380615,0,0
11053,2236,-0.6797242760658264,-0.002929582959040999,-0.7560154795646668,0,0
11074,2237,-0.6797853112220764,-0.004028176423162222,-0.7558323740959168,0,0
11074,2238,-0.6795411705970764,-0.00488263787701726,-0.7543675899505615,0,0
11074,2239,-0.6792970299720764,-0.004577473271638155,-0.7553441524505615,0,0
11074,2240,-0.6786256432533264,-0.006713627837598324,-0.7529638409614563,0,0
11108,2241,-0.6780153512954712,-0.006957759615033865,-0.7536962032318115,0,0
11108,2242,-0.6792359948158264,-0.006774660665541887,-0.7522314190864563,0,0
11108,2243,-0.6788087487220764,-0.007568089291453362,-0.7543065547943115,0,0
11109,2244,-0.676184356212616,-0.009704243391752243,-0.7558323740959168,0,0
11110,2245,-0.6787477731704712,-0.009338045492768288,-0.7503394484519959,0,0
11111,2246,-0.6792970299720764,-0.007751188240945339,-0.7519263029098511,0,0
11113,2247,-0.6793580651283264,-0.008788748644292355,-0.7541844844818115,0,0
11113,2248,-0.6788087487220764,-0.007873253896832466,-0.7515600919723511,0,0
11147,2249,-0.6789919137954712,-0.006530528422445059,-0.7545506954193115,0,0
11147,2250,-0.6792970299720764,-0.008849781937897205,-0.7554662227630615,0,0
11147,2251,-0.6799684166908264,-0.009704243391752243,-0.7536352276802063,0,0
11147,2252,-0.6800904273986816,-0.006469495594501495,-0.7518042325973511,0,0
11147,2253,-0.6789919137954712,-0.007690155413001776,-0.7551610469818115,0,0
11148,2254,-0.6812500953674316,-0.006164330989122391,-0.7560765147209168,0,0
11148,2255,-0.6812500953674316,-0.00726292422041297,-0.7568089365959168,0,0
11179,2256,-0.6801515221595764,-0.008544617332518101,-0.7540014386177063,0,0
11179,2257,-0.6802125573158264,-0.007751188240945339,-0.7505224943161011,0,0
11179,2258,-0.6785646677017212,-0.006774660665541887,-0.7538793683052063,0,0
11179,2259,-0.6805787086486816,-0.007568089291453362,-0.7554662227630615,0,0
11180,2260,-0.6800294518470764,-0.00665259500965476,-0.758456826210022,0,0
11180,2261,-0.6796632409095764,-0.003906110534444451,-0.758456826210022,0,0
11180,2262,-0.6789308786392212,-0.002807516837492585,-0.7552220821380615,0,0
11231,2263,-0.6785036325454712,-0.00561503367498517,-0.7563816905021668,0,0
11231,2264,-0.676550567150116,-0.003784044645726681,-0.7549779415130615,0,0
11231,2265,-0.676245391368866,-0.003661978524178267,-0.7555272579193115,0,0
11231,2266,-0.6742923259735107,-0.003661978524178267,-0.7523535490036011,0,0
11231,2267,-0.6778932809829712,-0.004821605049073696,-0.7511328458786011,0,0
11231,2268,-0.676428496837616,-0.003173714736476541,-0.7502173781394959,0,0
11231,2269,-0.676977813243866,-0.003478879807516933,-0.7511938810348511,0,0
11231,2270,-0.676306426525116,-0.005981231573969126,-0.7501563429832459,0,0
11231,2271,-0.676123321056366,-0.00494367117062211,-0.7520483732223511,0,0
11231,2272,-0.676062285900116,-0.006713627837598324,-0.7496070265769959,0,0
11294,2273,-0.676550567150116,-0.005065737292170525,-0.7494239211082459,0,0
11294,2274,-0.675451934337616,-0.004821605049073696,-0.7497290968894959,0,0
11294,2275,-0.676855742931366,-0.005981231573969126,-0.7477760314941406,0,0
11294,2276,-0.6790528893470764,-0.005126770120114088,-0.7471046447753906,0,0
11294,2277,-0.6794801354408264,-0.007568089291453362,-0.7516821622848511,0,0
11294,2278,-0.6808228492736816,-0.00561503367498517,-0.7480812072753906,0,0
11294,2279,-0.6818604469299316,-0.008178418502211571,-0.7467995285987854,0,0
11294,2280,-0.6845458745956421,-0.008727715350687504,-0.7480812072753906,0,0
11295,2281,-0.6854003071784973,-0.006957759615033865,-0.7484474182128906,0,0
11295,2282,-0.6871092319488525,-0.006469495594501495,-0.7528417706489563,0,0
11295,2283,-0.6877195835113525,-0.005248835776001215,-0.7524145245552063,0,0
11295,2284,-0.6885130405426025,-0.005004704464226961,-0.7511328458786011,0,0
11295,2285,-0.6883299350738525,-0.004394374322146177,-0.7506446242332459,0,0
11387,2286,-0.6876586079597473,-0.003478879807516933,-0.7518652677536011,0,0
11387,2287,-0.6893675327301025,-0.002868550131097436,-0.7533910870552063,0,0
11387,2288,-0.6905881762504578,-0.003784044645726681,-0.7544897198677063,0,0
11387,2289,-0.690282940864563,-0.003417846746742725,-0.758273720741272,0,0
11387,2290,-0.6897336840629578,-0.004638506565243006,-0.7597995400428772,0,0
11387,2291,-0.691747784614563,-0.005004704464226961,-0.7618746757507324,0,0
11387,2292,-0.6932125687599182,-0.006896726787090302,-0.7617525458335877,0,0
11388,2293,-0.6899167895317078,-0.006835693493485451,-0.7592502236366272,0,0
11388,2294,-0.6888181567192078,-0.00726292422041297,-0.7644380927085877,0,0
11388,2295,-0.6882078647613525,-0.009643210098147392,-0.7632173895835877,0,0
11388,2296,-0.6843627691268921,-0.009338045492768288,-0.7624239325523377,0,0
11388,2297,-0.6806398034095764,-0.01086387038230896,-0.7616305351257324,0,0
11389,2298,-0.6775881052017212,-0.01245072763413191,-0.7626680731773377,0,0
11389,2299,-0.6757571697235107,-0.01574650779366493,-0.7626680731773377,0,0
11389,2300,-0.6698979735374451,-0.01617373898625374,-0.7650483846664429,0,0
11389,2301,-0.6681890487670898,-0.01928642019629479,-0.7632173895835877,0,0
11389,2302,-0.6656256914138794,-0.02062914706766605,-0.7662079930305481,0,0
11389,2303,-0.6631233096122742,-0.02062914706766605,-0.7650483846664429,0,0
11389,2304,-0.6589120030403137,-0.02252116799354553,-0.7635225653648377,0,0
11476,2305,-0.6566538214683533,-0.0236197616904974,-0.7676727771759033,0,0
11476,2306,-0.6553721427917481,-0.02252116799354553,-0.7628511786460877,0,0
11476,2307,-0.6523204445838928,-0.023436663672328,-0.7626680731773377,0,0
11477,2308,-0.6503064036369324,-0.02453525736927986,-0.7621188163757324,0,0
11477,2309,-0.6493298411369324,-0.0238638948649168,-0.7602267861366272,0,0
11477,2310,-0.6484143733978272,-0.02557281777262688,-0.7572361826896668,0,0
11477,2311,-0.6490246653556824,-0.02496248856186867,-0.7547948360443115,0,0
11477,2312,-0.6488416194915772,-0.02423009276390076,-0.7536352276802063,0,0
11477,2313,-0.6488416194915772,-0.02532868646085262,-0.7497901320457459,0,0
11477,2314,-0.6502453684806824,-0.02142257615923882,-0.7482032775878906,0,0
11478,2315,-0.6499401926994324,-0.0202629491686821,-0.7471046447753906,0,0
11478,2316,-0.6495739817619324,-0.02178877405822277,-0.7471656799316406,0,0
11478,2317,-0.6519542932510376,-0.01928642019629479,-0.7475929260253906,0,0
11478,2318,-0.6558604240417481,-0.01983571797609329,-0.7463112473487854,0,0
11479,2319,-0.6558604240417481,-0.0171502660959959,-0.7522314190864563,0,0
11479,2320,-0.6600716710090637,-0.01409861817955971,-0.7491187453269959,0,0
11479,2321,-0.660193681716919,-0.01434274949133396,-0.7521704435348511,0,0
11479,2322,-0.6653205156326294,-0.01000940892845392,-0.7495459914207459,0,0
11546,2323,-0.6673955917358398,-0.008361518383026123,-0.7542455792427063,0,0
11546,2324,-0.6684942245483398,-0.007018792442977428,-0.7569310069084168,0,0
11546,2325,-0.6709965467453003,-0.003600945696234703,-0.7567479014396668,0,0
11546,2326,-0.6738040447235107,-0.002868550131097436,-0.7594943642616272,0,0
11546,2327,-0.6745975017547607,-0.002258220221847296,-0.7613863945007324,0,0
11546,2328,-0.6779543161392212,-0.001098593580536544,-0.7555882334709168,0,0
11546,2329,-0.677710235118866,0.0003051648673135787,-0.7551000118255615,0,0
11547,2330,-0.6815552711486816,-0.0007323957397602499,-0.7597385048866272,0,0
11547,2331,-0.6833252310752869,0.0003051648673135787,-0.7595553994178772,0,0
11547,2332,-0.6849730610847473,0.0003661978698801249,-0.7623019218444824,0,0
11547,2333,-0.6844848394393921,0.003295780625194311,-0.7585788369178772,0,0
11547,2334,-0.6847900152206421,0.003661978524178267,-0.7596774697303772,0,0
11547,2335,-0.6863158345222473,0.004089209251105785,-0.7555882334709168,0,0
11547,2336,-0.6863158345222473,0.003784044645726681,-0.7572361826896668,0,0
11611,2337,-0.6879027485847473,0.002807516837492585,-0.758212685585022,0,0
11611,2338,-0.6893675327301025,0.0005492967902682722,-0.7539403438568115,0,0
11611,2339,-0.6894895434379578,0.001037560636177659,-0.7558934092521668,0,0
11612,2340,-0.6887571811676025,6.103297710069455e-05,-0.757114052772522,0,0
11612,2341,-0.691686749458313,0.0006103297346271575,-0.7561375498771668,0,0
11612,2342,-0.6935177445411682,-0.0007934286841191351,-0.7551000118255615,0,0
11612,2343,-0.6905881762504578,-0.0014647914795205,-0.7532079815864563,0,0
11612,2344,-0.691381573677063,-0.002319253282621503,-0.7496070265769959,0,0
11613,2345,-0.6937618851661682,-0.002563385060057044,-0.7533910870552063,0,0
11614,2346,-0.6930294632911682,-0.0009154946310445666,-0.7540624737739563,0,0
11614,2347,-0.6942501664161682,-0.002685451181605458,-0.7524755597114563,0,0
11614,2348,-0.6933346390724182,-0.002563385060057044,-0.7519263029098511,0,0
11614,2349,-0.6930294632911682,-0.001342725590802729,-0.7540014386177063,0,0
11614,2350,-0.690954327583313,-0.003784044645726681,-0.7519872784614563,0,0
11680,2351,-0.6896116137504578,-0.002014088211581111,-0.7521094083786011,0,0
11681,2352,-0.6899778246879578,-0.002990615786984563,-0.7527807950973511,0,0
11681,2353,-0.6904661059379578,-0.003417846746742725,-0.7532690167427063,0,0
11681,2354,-0.6904050707817078,-0.002136154333129525,-0.7543065547943115,0,0
11681,2355,-0.690527081489563,-0.00158685736823827,-0.7533910870552063,0,0
11681,2356,-0.6895505785942078,-0.004089209251105785,-0.7535741925239563,0,0
11681,2357,-0.6879027485847473,-0.003600945696234703,-0.7541844844818115,0,0
11681,2358,-0.6847900152206421,-0.003112681908532977,-0.7546727657318115,0,0
11681,2359,-0.6833862662315369,-0.004150242544710636,-0.7554662227630615,0,0
11682,2360,-0.6817383766174316,-0.0042112753726542,-0.7562596201896668,0,0
11682,2361,-0.6805176734924316,-0.004638506565243006,-0.7551610469818115,0,0
11682,2362,-0.6796632409095764,-0.005004704464226961,-0.7555882334709168,0,0
11682,2363,-0.6786867380142212,-0.004577473271638155,-0.758029580116272,0,0
11769,2364,-0.6781984567642212,-0.004516440443694592,-0.7574803233146668,0,0
11770,2365,-0.676123321056366,-0.00427230866625905,-0.7609591484069824,0,0
11770,2366,-0.6749637126922607,-0.004150242544710636,-0.7624239325523377,0,0
11770,2367,-0.6747195720672607,-0.005370902363210917,-0.7619966864585877,0,0
11770,2368,-0.6707524061203003,-0.005004704464226961,-0.7621797919273377,0,0
11770,2369,-0.6703861951828003,-0.006957759615033865,-0.7613253593444824,0,0
11771,2370,-0.6688603758811951,-0.008849781937897205,-0.7605319023132324,0,0
11771,2371,-0.6655646562576294,-0.01074180472642183,-0.7610201835632324,0,0
11771,2372,-0.6634284853935242,-0.011718331836164,-0.7598605751991272,0,0
11772,2373,-0.6625739932060242,-0.01110800169408321,-0.7615694999694824,0,0
11772,2374,-0.6601327061653137,-0.01293899118900299,-0.7594333291053772,0,0
11772,2375,-0.6586068868637085,-0.01544134318828583,-0.7605319023132324,0,0
11773,2376,-0.6592171788215637,-0.01727233268320561,-0.758212685585022,0,0
11773,2377,-0.6582406759262085,-0.01739439927041531,-0.7555882334709168,0,0
11773,2378,-0.6581796407699585,-0.02062914706766605,-0.7560154795646668,0,0
11774,2379,-0.6589120030403137,-0.02038501389324665,-0.7551000118255615,0,0
11774,2380,-0.6604989171028137,-0.01830989308655262,-0.758456826210022,0,0
11774,2381,-0.6604989171028137,-0.01940848678350449,-0.758029580116272,0,0
11774,2382,-0.661048173904419,-0.0169671680778265,-0.7594333291053772,0,0
11816,2383,-0.6642218828201294,-0.01946952007710934,-0.757114052772522,0,0
11816,2384,-0.6659308075904846,-0.01904228888452053,-0.7530859112739563,0,0
11816,2385,-0.6677007675170898,-0.01647890545427799,-0.7532079815864563,0,0
11816,2386,-0.6689825057983398,-0.01257279329001904,-0.7522314190864563,0,0
11816,2387,-0.6734378933906555,-0.01550237648189068,-0.7555882334709168,0,0
11816,2388,-0.6730716824531555,-0.0134882889688015,-0.7550389766693115,0,0
11816,2389,-0.6739871501922607,-0.01458688080310822,-0.7563816905021668,0,0
11816,2390,-0.6743533611297607,-0.011718331836164,-0.7535741925239563,0,0
11823,2391,-0.6751468181610107,-0.01074180472642183,-0.7525976896286011,0,0
11823,2392,-0.6785646677017212,-0.00915494654327631,-0.7515600919723511,0,0
11831,2393,-0.6802125573158264,-0.007995319552719593,-0.7541234493255615,0,0
11837,2394,-0.6792970299720764,-0.009460111148655415,-0.758090615272522,0,0
11837,2395,-0.6784425973892212,-0.008666682988405228,-0.7554051280021668,0,0
11844,2396,-0.6788697838783264,-0.01159626618027687,-0.7558323740959168,0,0
11852,2397,-0.6797242760658264,-0.006042264867573977,-0.7601047158241272,0,0
11852,2398,-0.6792970299720764,-0.007323957048356533,-0.7607760429382324,0,0
11871,2399,-0.6817993521690369,-0.00561503367498517,-0.758945107460022,0,0
11871,2400,-0.6836304068565369,-0.005981231573969126,-0.757724404335022,0,0
11871,2401,-0.6823487281799316,-0.004760572221130133,-0.7608371376991272,0,0
11883,2402,-0.6814332008361816,-0.007507056463509798,-0.7604708671569824,0,0
11883,2403,-0.6797242760658264,-0.007446023635566235,-0.7594333291053772,0,0
11883,2404,-0.6810059547424316,-0.007507056463509798,-0.7594333291053772,0,0
11894,2405,-0.6784425973892212,-0.005309869069606066,-0.7604098916053772,0,0
11894,2406,-0.6785646677017212,-0.006408462766557932,-0.7616915702819824,0,0
11907,2407,-0.677038848400116,-0.006530528422445059,-0.7634004950523377,0,0
11907,2408,-0.676428496837616,-0.006713627837598324,-0.7627291679382324,0,0
11907,2409,-0.6745975017547607,-0.007446023635566235,-0.7599216103553772,0,0
11920,2410,-0.6746585369110107,-0.008544617332518101,-0.7599826455116272,0,0
11920,2411,-0.6731937527656555,-0.009215979836881161,-0.7615694999694824,0,0
11931,2412,-0.6719731092453003,-0.007629122585058212,-0.759372353553772,0,0
11931,2413,-0.6715458631515503,-0.007446023635566235,-0.757724404335022,0,0
11931,2414,-0.6702641844749451,-0.009093914180994034,-0.7603488564491272,0,0
11942,2415,-0.6701420545578003,-0.008544617332518101,-0.7632784247398377,0,0
11942,2416,-0.6679449081420898,-0.01116903498768807,-0.7615694999694824,0,0
11956,2417,-0.6677007675170898,-0.008239452727138996,-0.7574192881584168,0,0
11956,2418,-0.6667242646217346,-0.008422550745308399,-0.7594943642616272,0,0
11956,2419,-0.6645880937576294,-0.005859165918081999,-0.7647432088851929,0,0
11968,2420,-0.662635087966919,-0.00848358403891325,-0.7643159627914429,0,0
11968,2421,-0.6619026064872742,-0.007201891392469406,-0.7626680731773377,0,0
11976,2422,-0.661048173904419,-0.008422550745308399,-0.759128212928772,0,0
11977,2423,-0.661353349685669,-0.008971847593784332,-0.7603488564491272,0,0
11986,2424,-0.6593392491340637,-0.009582177735865116,-0.758700966835022,0,0
11986,2425,-0.6600716710090637,-0.01226762868463993,-0.757968544960022,0,0
11995,2426,-0.660987138748169,-0.01055870577692986,-0.7596164345741272,0,0
12013,2427,-0.6607430577278137,-0.01025354024022818,-0.7549779415130615,0,0
12013,2428,-0.6593392491340637,-0.01275589223951101,-0.7551610469818115,0,0
12014,2429,-0.6595223546028137,-0.01263382658362389,-0.7540014386177063,0,0
12014,2430,-0.6603158116340637,-0.01519721187651157,-0.7554662227630615,0,0
12036,2431,-0.661231279373169,-0.01385448593646288,-0.7538183331489563,0,0
12036,2432,-0.661536455154419,-0.01574650779366493,-0.7534521222114563,0,0
12036,2433,-0.6632453799247742,-0.01440378278493881,-0.7553441524505615,0,0
12036,2434,-0.6645880937576294,-0.01617373898625374,-0.7533910870552063,0,0
12036,2435,-0.6639777421951294,-0.01574650779366493,-0.7514990568161011,0,0
12054,2436,-0.6677618026733398,-0.01623477227985859,-0.7546117305755615,0,0
12054,2437,-0.6684942245483398,-0.01580754108726978,-0.7533910870552063,0,0
12054,2438,-0.6703861951828003,-0.01556340977549553,-0.7546117305755615,0,0
12054,2439,-0.6713017225265503,-0.01300002355128527,-0.7545506954193115,0,0
12062,2440,-0.6729496121406555,-0.01159626618027687,-0.7531469464302063,0,0
12070,2441,-0.6773439645767212,-0.01312208920717239,-0.7553441524505615,0,0
12070,2442,-0.6773439645767212,-0.01312208920717239,-0.7568089365959168,0,0
12077,2443,-0.6805787086486816,-0.01245072763413191,-0.7560765147209168,0,0
12084,2444,-0.6807008385658264,-0.008971847593784332,-0.757602334022522,0,0
12085,2445,-0.6805176734924316,-0.009948375634849072,-0.7537572979927063,0,0
12091,2446,-0.6814332008361816,-0.008300485089421272,-0.7533910870552063,0,0
12098,2447,-0.6835693717002869,-0.007751188240945339,-0.7551610469818115,0,0
12104,2448,-0.6856444478034973,-0.008117386139929295,-0.7535131573677063,0,0
12104,2449,-0.6847289800643921,-0.007201891392469406,-0.757358193397522,0,0
12110,2450,-0.6871092319488525,-0.006835693493485451,-0.7597995400428772,0,0
12116,2451,-0.6868041157722473,-0.006835693493485451,-0.7563816905021668,0,0
12120,2452,-0.6870482563972473,-0.006286396645009518,-0.758334755897522,0,0
12125,2453,-0.6866819858551025,-0.005554000847041607,-0.7604098916053772,0,0
12129,2454,-0.6899778246879578,-0.005981231573969126,-0.7638277411460877,0,0
12134,2455,-0.6875975131988525,-0.005126770120114088,-0.7608981132507324,0,0
12139,2456,-0.6871702671051025,-0.005981231573969126,-0.7598605751991272,0,0
12144,2457,-0.6850951910018921,-0.005126770120114088,-0.7571751475334168,0,0
12150,2458,-0.6858885884284973,-0.005126770120114088,-0.7549169063568115,0,0
12156,2459,-0.6842406988143921,-0.006774660665541887,-0.7543065547943115,0,0
12162,2460,-0.6837524175643921,-0.009215979836881161,-0.7535131573677063,0,0
12166,2461,-0.6807008385658264,-0.009826309978961945,-0.7549779415130615,0,0
12171,2462,-0.6807618141174316,-0.01123006734997034,-0.7543065547943115,0,0
12175,2463,-0.6794191598892212,-0.0100704412907362,-0.7538183331489563,0,0
12180,2464,-0.6785036325454712,-0.01263382658362389,-0.7536352276802063,0,0
12184,2465,-0.677466094493866,-0.01409861817955971,-0.7572361826896668,0,0
12189,2466,-0.676184356212616,-0.01257279329001904,-0.7560765147209168,0,0
12195,2467,-0.6740481853485107,-0.0132441557943821,-0.7574803233146668,0,0
12201,2468,-0.6743533611297607,-0.0150141129270196,-0.7522925138473511,0,0
12207,2469,-0.6739871501922607,-0.01538031082600355,-0.7538183331489563,0,0
12207,2470,-0.6734378933906555,-0.0167840700596571,-0.7561375498771668,0,0
12212,2471,-0.6728275418281555,-0.01489204727113247,-0.7551000118255615,0,0
12220,2472,-0.6722782254219055,-0.01629580371081829,-0.7572361826896668,0,0
12224,2473,-0.6697759032249451,-0.01538031082600355,-0.7566868662834168,0,0
12228,2474,-0.6731937527656555,-0.01739439927041531,-0.7551000118255615,0,0
12232,2475,-0.6722782254219055,-0.01592960767447949,-0.7576634287834168,0,0
12237,2476,-0.6721562147140503,-0.01617373898625374,-0.7560765147209168,0,0
12241,2477,-0.6727665066719055,-0.01635683700442314,-0.757541298866272,0,0
12251,2478,-0.6719120740890503,-0.01623477227985859,-0.7527197003364563,0,0
12251,2479,-0.6725223660469055,-0.01287795789539814,-0.7527807950973511,0,0
12256,2480,-0.6722782254219055,-0.011718331836164,-0.7509497404098511,0,0
12264,2481,-0.6734378933906555,-0.01257279329001904,-0.7532690167427063,0,0
12268,2482,-0.6749026775360107,-0.0120234964415431,-0.7546117305755615,0,0
12271,2483,-0.6723392605781555,-0.009399078786373138,-0.7513160109519959,0,0
12278,2484,-0.6718509793281555,-0.01043663918972015,-0.7527807950973511,0,0
12282,2485,-0.6741092801094055,-0.01074180472642183,-0.7544286251068115,0,0
12286,2486,-0.6740481853485107,-0.01141316723078489,-0.7538793683052063,0,0
12291,2487,-0.6753299236297607,-0.01104696933180094,-0.757968544960022,0,0
12296,2488,-0.676306426525116,-0.008544617332518101,-0.7530248761177063,0,0
12301,2489,-0.675879180431366,-0.007018792442977428,-0.7567479014396668,0,0
12306,2490,-0.676733672618866,-0.009338045492768288,-0.7548558712005615,0,0
12311,2491,-0.677466094493866,-0.006347429472953081,-0.7518652677536011,0,0
12317,2492,-0.6792970299720764,-0.004760572221130133,-0.7494239211082459,0,0
12321,2493,-0.6792970299720764,-0.004760572221130133,-0.7494239211082459,0,0
12326,2494,-0.6791139245033264,-0.00189202232286334,-0.7515600919723511,0,0
12331,2495,-0.6783815622329712,-0.002258220221847296,-0.7491798400878906,0,0
12339,2496,-0.6790528893470764,-0.002563385060057044,-0.7497901320457459,0,0
12341,2497,-0.6797853112220764,-0.003600945696234703,-0.7508277297019959,0,0
12351,2498,-0.6778932809829712,-0.001525824540294707,-0.7561375498771668,0,0
12351,2499,-0.6805176734924316,-0.001159626641310751,-0.7509497404098511,0,0
12356,2500,-0.6799073815345764,-0.002197187161073089,-0.7514380216598511,0,0
12361,2501,-0.6801515221595764,-0.003478879807516933,-0.7493018507957459,0,0
12367,2502,-0.6783815622329712,-0.00158685736823827,-0.7517431974411011,0,0
12372,2503,-0.6800904273986816,-0.001708923373371363,-0.7522925138473511,0,0
12377,2504,-0.6803345680236816,-0.002319253282621503,-0.7551610469818115,0,0
12381,2505,-0.6824707388877869,-0.005309869069606066,-0.7532690167427063,0,0
12386,2506,-0.6811890602111816,-0.005004704464226961,-0.7540014386177063,0,0
12408,2507,-0.6805787086486816,-0.005004704464226961,-0.7562596201896668,0,0
12408,2508,-0.6832641959190369,-0.005065737292170525,-0.757968544960022,0,0
12408,2509,-0.6836913824081421,-0.005065737292170525,-0.7551610469818115,0,0
12408,2510,-0.6840576529502869,-0.007751188240945339,-0.757297158241272,0,0
12436,2511,-0.6835693717002869,-0.008300485089421272,-0.7545506954193115,0,0
12436,2512,-0.6864379048347473,-0.00848358403891325,-0.7543065547943115,0,0
12436,2513,-0.6846679449081421,-0.0103756058961153,-0.7555882334709168,0,0
12436,2514,-0.6876586079597473,-0.009460111148655415,-0.7553441524505615,0,0
12436,2515,-0.6868651509284973,-0.009765275754034519,-0.7561986446380615,0,0
12436,2516,-0.6864989399909973,-0.009704243391752243,-0.757541298866272,0,0
12447,2517,-0.6872923374176025,-0.01184039749205113,-0.7516211271286011,0,0
12447,2518,-0.6860106587409973,-0.0121455630287528,-0.7518652677536011,0,0
12455,2519,-0.6864989399909973,-0.01306105684489012,-0.7529028058052063,0,0
12455,2520,-0.6829590201377869,-0.0136713869869709,-0.7511938810348511,0,0
12462,2521,-0.6839355230331421,-0.01147420052438974,-0.7535131573677063,0,0
12473,2522,-0.6823487281799316,-0.01293899118900299,-0.7538793683052063,0,0
12473,2523,-0.6817993521690369,-0.0137934535741806,-0.7538793683052063,0,0
12474,2524,-0.6822265982627869,-0.01269485894590616,-0.7571751475334168,0,0
12479,2525,-0.6813111305236816,-0.0132441557943821,-0.7518652677536011,0,0
12496,2526,-0.6808839440345764,-0.01403758488595486,-0.7527807950973511,0,0
12496,2527,-0.6825928688049316,-0.01470894739031792,-0.7535131573677063,0,0
12496,2528,-0.6816773414611816,-0.0120234964415431,-0.7552220821380615,0,0
12508,2529,-0.6816773414611816,-0.0120234964415431,-0.7552220821380615,0,0
12525,2530,-0.6800294518470764,-0.01153523288667202,-0.7527807950973511,0,0
12527,2531,-0.6794801354408264,-0.01409861817955971,-0.7527197003364563,0,0
12529,2532,-0.6792970299720764,-0.01489204727113247,-0.7519263029098511,0,0
12530,2533,-0.6781984567642212,-0.01391551923006773,-0.7540624737739563,0,0
12531,2534,-0.6783815622329712,-0.01428171619772911,-0.7544897198677063,0,0
12532,2535,-0.6749026775360107,-0.01538031082600355,-0.757724404335022,0,0
12533,2536,-0.676733672618866,-0.01672303676605225,-0.7536962032318115,0,0
12559,2537,-0.6744754314422607,-0.01611270569264889,-0.7527807950973511,0,0
12564,2538,-0.6742923259735107,-0.01623477227985859,-0.7544897198677063,0,0
12566,2539,-0.6741702556610107,-0.01763853058218956,-0.7550389766693115,0,0
12569,2540,-0.6745364665985107,-0.01910332217812538,-0.757602334022522,0,0
12573,2541,-0.6743533611297607,-0.01800472848117352,-0.7560154795646668,0,0
12579,2542,-0.6722172498703003,-0.0170892346650362,-0.757114052772522,0,0
12581,2543,-0.6722172498703003,-0.0170892346650362,-0.757114052772522,0,0
12583,2544,-0.6722172498703003,-0.01776059530675411,-0.7572361826896668,0,0
12584,2545,-0.6706914305686951,-0.01928642019629479,-0.7612643241882324,0,0
12585,2546,-0.6700810790061951,-0.01843195967376232,-0.7585788369178772,0,0
12590,2547,-0.6718509793281555,-0.0171502660959959,-0.757541298866272,0,0
12594,2548,-0.6712406873703003,-0.01635683700442314,-0.7558934092521668,0,0
12598,2549,-0.6699590086936951,-0.01489204727113247,-0.756869912147522,0,0
12753,2550,-0.6689214110374451,-0.0137934535741806,-0.7600436806678772,0,0
12754,2551,-0.6673346161842346,-0.01574650779366493,-0.7543065547943115,0,0
12755,2552,-0.6645270586013794,-0.01055870577692986,-0.7548558712005615,0,0
12756,2553,-0.6675786972045898,-0.01061973813921213,-0.7532690167427063,0,0
12757,2554,-0.6678228378295898,-0.01019250694662333,-0.7561986446380615,0,0
12758,2555,-0.6692876219749451,-0.009582177735865116,-0.7527197003364563,0,0
12759,2556,-0.6681280136108398,-0.01196246314793825,-0.757968544960022,0,0
12760,2557,-0.6700810790061951,-0.01123006734997034,-0.7554051280021668,0,0
12763,2558,-0.6700810790061951,-0.01068077143281698,-0.7558323740959168,0,0
12765,2559,-0.6689214110374451,-0.01165729854255915,-0.7543065547943115,0,0
12766,2560,-0.6709355711936951,-0.009887342341244221,-0.7553441524505615,0,0
12768,2561,-0.6724003553390503,-0.009582177735865116,-0.7542455792427063,0,0
12769,2562,-0.6740481853485107,-0.009948375634849072,-0.7571751475334168,0,0
12772,2563,-0.6746585369110107,-0.01275589223951101,-0.7548558712005615,0,0
12773,2564,-0.6743533611297607,-0.01147420052438974,-0.7534521222114563,0,0
12775,2565,-0.6742923259735107,-0.007018792442977428,-0.7554662227630615,0,0
12777,2566,-0.6752688884735107,-0.008300485089421272,-0.7527197003364563,0,0
12778,2567,-0.676367461681366,-0.006957759615033865,-0.7541844844818115,0,0
12780,2568,-0.6786256432533264,-0.005798133090138435,-0.7546117305755615,0,0
12781,2569,-0.6791750192642212,-0.006896726787090302,-0.7566258311271668,0,0
12783,2570,-0.6786867380142212,-0.005859165918081999,-0.7569920420646668,0,0
12784,2571,-0.6816773414611816,-0.00561503367498517,-0.7540624737739563,0,0
12785,2572,-0.6827148795127869,-0.003356813918799162,-0.7535741925239563,0,0
12786,2573,-0.6826538443565369,-0.006225363817065954,-0.7559545040130615,0,0
12788,2574,-0.6843627691268921,-0.005065737292170525,-0.7516211271286011,0,0
12789,2575,-0.6854003071784973,-0.003539912635460496,-0.7519872784614563,0,0
12790,2576,-0.6875975131988525,-0.001953055267222226,-0.7513160109519959,0,0
12792,2577,-0.6883299350738525,-0.002807516837492585,-0.7536352276802063,0,0
12794,2578,-0.6864379048347473,-0.003356813918799162,-0.7526586651802063,0,0
12796,2579,-0.6885740160942078,-0.002868550131097436,-0.7541844844818115,0,0
12797,2580,-0.6868651509284973,-0.002502352232113481,-0.7513769865036011,0,0
12799,2581,-0.6845458745956421,-0.001159626641310751,-0.7513160109519959,0,0
12801,2582,-0.6861937642097473,-0.002502352232113481,-0.7498511672019959,0,0
12803,2583,-0.6866210103034973,-0.001708923373371363,-0.7518042325973511,0,0
12805,2584,-0.6863768696784973,0.001159626641310751,-0.7536352276802063,0,0
12806,2585,-0.6871702671051025,-0.0006713627954013646,-0.7546117305755615,0,0
12808,2586,-0.6844848394393921,0.0004272308433428407,-0.757968544960022,0,0
12810,2587,-0.6836304068565369,0.0007934286841191351,-0.7533300518989563,0,0
12812,2588,-0.6826538443565369,0.0003661978698801249,-0.7505224943161011,0,0
12812,2589,-0.6846679449081421,0.0001220659542013891,-0.7558323740959168,0,0
12813,2590,-0.6833862662315369,-0.001403758418746293,-0.7521704435348511,0,0
12814,2591,-0.6811280250549316,-0.001708923373371363,-0.7518652677536011,0,0
12815,2592,-0.6803956627845764,-0.003112681908532977,-0.7540624737739563,0,0
12816,2593,-0.6802735924720764,0.0003051648673135787,-0.7516821622848511,0,0
12842,2594,-0.6810059547424316,-0.002990615786984563,-0.7515600919723511,0,0
12845,2595,-0.6793580651283264,-0.002807516837492585,-0.7530859112739563,0,0
12847,2596,-0.6796022057533264,-0.002746484009549022,-0.7533910870552063,0,0
12850,2597,-0.6778322458267212,-0.00427230866625905,-0.7547948360443115,0,0
12852,2598,-0.6747195720672607,-0.002807516837492585,-0.7561375498771668,0,0
12855,2599,-0.6750247478485107,-0.005248835776001215,-0.7611422538757324,0,0
12857,2600,-0.675451934337616,-0.005920198746025562,-0.7571751475334168,0,0
12860,2601,-0.6755740642547607,-0.005676066968590021,-0.757907509803772,0,0
12862,2602,-0.6749026775360107,-0.004760572221130133,-0.7570530772209168,0,0
12900,2603,-0.6753299236297607,-0.00561503367498517,-0.7596774697303772,0,0
12902,2604,-0.6729496121406555,-0.005920198746025562,-0.7568089365959168,0,0
12904,2605,-0.6721562147140503,-0.006896726787090302,-0.7565037608146668,0,0
12906,2606,-0.6700200438499451,-0.007446023635566235,-0.7620577812194824,0,0
12908,2607,-0.6709965467453003,-0.008361518383026123,-0.7629122138023377,0,0
12910,2608,-0.6719731092453003,-0.008666682988405228,-0.7621188163757324,0,0
12911,2609,-0.6714848279953003,-0.008544617332518101,-0.758151650428772,0,0
12912,2610,-0.6699590086936951,-0.009643210098147392,-0.759128212928772,0,0
12913,2611,-0.6722782254219055,-0.007873253896832466,-0.759372353553772,0,0
12914,2612,-0.6713017225265503,-0.009399078786373138,-0.7623629570007324,0,0
12915,2613,-0.6712406873703003,-0.007873253896832466,-0.7606540322303772,0,0
12940,2614,-0.6713017225265503,-0.008605649694800377,-0.758762001991272,0,0
12941,2615,-0.6693486571311951,-0.007995319552719593,-0.7607760429382324,0,0
12941,2616,-0.6707524061203003,-0.008056352846324444,-0.757968544960022,0,0
12942,2617,-0.6710575819015503,-0.008605649694800377,-0.7605929970741272,0,0
12942,2618,-0.6714848279953003,-0.00915494654327631,-0.7605319023132324,0,0
12953,2619,-0.6687383651733398,-0.007995319552719593,-0.7621188163757324,0,0
12954,2620,-0.6695317625999451,-0.006469495594501495,-0.7588229775428772,0,0
12954,2621,-0.6700810790061951,-0.007018792442977428,-0.7602267861366272,0,0
12991,2622,-0.6692266464233398,-0.007018792442977428,-0.7597385048866272,0,0
12991,2623,-0.6680059432983398,-0.008178418502211571,-0.758884072303772,0,0
12992,2624,-0.6691655516624451,-0.007507056463509798,-0.7612032890319824,0,0
12993,2625,-0.6675786972045898,-0.007568089291453362,-0.7549169063568115,0,0
12994,2626,-0.6683111190795898,-0.01025354024022818,-0.7559545040130615,0,0
12994,2627,-0.6670294404029846,-0.009032880887389183,-0.757846474647522,0,0
12995,2628,-0.6681890487670898,-0.01031457353383303,-0.7597385048866272,0,0
12996,2629,-0.6673346161842346,-0.009704243391752243,-0.7562596201896668,0,0
13028,2630,-0.6680669784545898,-0.01068077143281698,-0.7552220821380615,0,0
13032,2631,-0.6683111190795898,-0.008544617332518101,-0.7557103633880615,0,0
13035,2632,-0.6719731092453003,-0.01208452973514795,-0.7565647959709168,0,0
13036,2633,-0.6697759032249451,-0.01031457353383303,-0.7563816905021668,0,0
13038,2634,-0.6698369383811951,-0.01177936512976885,-0.7571751475334168,0,0
13039,2635,-0.6708744764328003,-0.007323957048356533,-0.7565037608146668,0,0
13041,2636,-0.6720340847969055,-0.008971847593784332,-0.7558934092521668,0,0
13043,2637,-0.6714237928390503,-0.008361518383026123,-0.7548558712005615,0,0
13044,2638,-0.6710575819015503,-0.007690155413001776,-0.7549779415130615,0,0
13045,2639,-0.6728275418281555,-0.008300485089421272,-0.7549779415130615,0,0
13075,2640,-0.6719120740890503,-0.009643210098147392,-0.7556492686271668,0,0
13078,2641,-0.6741702556610107,-0.009521144442260265,-0.7551000118255615,0,0
13079,2642,-0.6739261150360107,-0.01055870577692986,-0.7597995400428772,0,0
13080,2643,-0.676855742931366,-0.01031457353383303,-0.758212685585022,0,0
13081,2644,-0.6758182048797607,-0.008056352846324444,-0.7565037608146668,0,0
13082,2645,-0.676428496837616,-0.009643210098147392,-0.7553441524505615,0,0
13083,2646,-0.677466094493866,-0.007812221068888903,-0.7576634287834168,0,0
13083,2647,-0.6789308786392212,-0.008666682988405228,-0.7524755597114563,0,0
13099,2648,-0.6777712106704712,-0.009826309978961945,-0.7534521222114563,0,0
13100,2649,-0.6776491403579712,-0.007201891392469406,-0.7561986446380615,0,0
13100,2650,-0.6781984567642212,-0.008056352846324444,-0.758517861366272,0,0
13102,2651,-0.6780153512954712,-0.006957759615033865,-0.7574192881584168,0,0
13119,2652,-0.6791139245033264,-0.006896726787090302,-0.7530859112739563,0,0
13120,2653,-0.6785036325454712,-0.007629122585058212,-0.7508277297019959,0,0
13121,2654,-0.6781374216079712,-0.006896726787090302,-0.7544897198677063,0,0
13122,2655,-0.677466094493866,-0.007629122585058212,-0.7569310069084168,0,0
13134,2656,-0.676306426525116,-0.009215979836881161,-0.757724404335022,0,0
13134,2657,-0.6793580651283264,-0.007384989876300097,-0.7563816905021668,0,0
13141,2658,-0.6797242760658264,-0.005798133090138435,-0.7536962032318115,0,0
13141,2659,-0.6796022057533264,-0.005370902363210917,-0.7530859112739563,0,0
13148,2660,-0.6807618141174316,-0.006835693493485451,-0.7608371376991272,0,0
13162,2661,-0.6803956627845764,-0.004028176423162222,-0.757968544960022,0,0
13162,2662,-0.6802735924720764,-0.005920198746025562,-0.7565647959709168,0,0
13163,2663,-0.6809449195861816,-0.006225363817065954,-0.7571751475334168,0,0
13174,2664,-0.6799684166908264,-0.005737100262194872,-0.7590671181678772,0,0
13174,2665,-0.6825317740440369,-0.003845077706500888,-0.7574192881584168,0,0
13187,2666,-0.6829590201377869,-0.005492968019098043,-0.757846474647522,0,0
13188,2667,-0.6801515221595764,-0.004821605049073696,-0.758090615272522,0,0
13188,2668,-0.6794191598892212,-0.00543193519115448,-0.7563206553459168,0,0
13201,2669,-0.6791139245033264,-0.007751188240945339,-0.7549169063568115,0,0
13201,2670,-0.677710235118866,-0.006225363817065954,-0.758029580116272,0,0
13202,2671,-0.6753909587860107,-0.007812221068888903,-0.759128212928772,0,0
13215,2672,-0.6747195720672607,-0.009521144442260265,-0.7570530772209168,0,0
13216,2673,-0.6739871501922607,-0.008788748644292355,-0.7552831172943115,0,0
13217,2674,-0.676062285900116,-0.009948375634849072,-0.757968544960022,0,0
13232,2675,-0.6753299236297607,-0.008849781937897205,-0.757602334022522,0,0
13232,2676,-0.6749026775360107,-0.01141316723078489,-0.7554051280021668,0,0
13233,2677,-0.6744754314422607,-0.01080283708870411,-0.7521094083786011,0,0
13240,2678,-0.676062285900116,-0.008971847593784332,-0.7525366544723511,0,0
13241,2679,-0.675696074962616,-0.009521144442260265,-0.7552831172943115,0,0
13248,2680,-0.6738040447235107,-0.007079825270920992,-0.7550389766693115,0,0
13256,2681,-0.676062285900116,-0.008910814300179482,-0.7528417706489563,0,0
13256,2682,-0.6760013103485107,-0.01074180472642183,-0.7542455792427063,0,0
13267,2683,-0.6749026775360107,-0.008239452727138996,-0.7545506954193115,0,0
13267,2684,-0.6741092801094055,-0.008849781937897205,-0.7528417706489563,0,0
13278,2685,-0.6747195720672607,-0.007018792442977428,-0.7530859112739563,0,0
13278,2686,-0.6753299236297607,-0.007201891392469406,-0.7524145245552063,0,0
13287,2687,-0.675635039806366,-0.004028176423162222,-0.7532690167427063,0,0
13288,2688,-0.6739871501922607,-0.003234747797250748,-0.757602334022522,0,0
13296,2689,-0.676428496837616,-0.002624417888000608,-0.7559545040130615,0,0
13297,2690,-0.676306426525116,-0.004699539393186569,-0.7536962032318115,0,0
13304,2691,-0.6776491403579712,-0.00427230866625905,-0.7556492686271668,0,0
13305,2692,-0.6777712106704712,-0.002685451181605458,-0.7539403438568115,0,0
13317,2693,-0.6786256432533264,-0.003173714736476541,-0.7528417706489563,0,0
13319,2694,-0.6785036325454712,-0.005004704464226961,-0.7533300518989563,0,0
13320,2695,-0.6802125573158264,-0.003173714736476541,-0.756869912147522,0,0
13331,2696,-0.6811280250549316,-0.003173714736476541,-0.7532079815864563,0,0
13331,2697,-0.6825928688049316,-0.001953055267222226,-0.7525976896286011,0,0
13341,2698,-0.6826538443565369,-0.003967143595218658,-0.757846474647522,0,0
13341,2699,-0.6811890602111816,-0.004150242544710636,-0.7563206553459168,0,0
13350,2700,-0.6816163063049316,-0.0042112753726542,-0.7525366544723511,0,0
13351,2701,-0.6820434927940369,-0.006530528422445059,-0.7532079815864563,0,0
13361,2702,-0.6820434927940369,-0.005004704464226961,-0.7537572979927063,0,0
13362,2703,-0.6808839440345764,-0.005798133090138435,-0.7560154795646668,0,0
13372,2704,-0.6797242760658264,-0.006164330989122391,-0.7566868662834168,0,0
13373,2705,-0.6794801354408264,-0.005676066968590021,-0.7544897198677063,0,0
13374,2706,-0.6788697838783264,-0.006347429472953081,-0.7569920420646668,0,0
13387,2707,-0.6783815622329712,-0.004760572221130133,-0.7576634287834168,0,0
13388,2708,-0.6789308786392212,-0.005737100262194872,-0.7621188163757324,0,0
13389,2709,-0.6778932809829712,-0.006103298161178827,-0.7637667059898377,0,0
13420,2710,-0.6778322458267212,-0.009521144442260265,-0.7611422538757324,0,0
13422,2711,-0.6775881052017212,-0.009338045492768288,-0.757968544960022,0,0
13423,2712,-0.677099883556366,-0.01092490274459124,-0.7560154795646668,0,0
13424,2713,-0.676611602306366,-0.009765275754034519,-0.757602334022522,0,0
13425,2714,-0.6775270700454712,-0.009887342341244221,-0.757968544960022,0,0
13426,2715,-0.6750247478485107,-0.01208452973514795,-0.758212685585022,0,0
13426,2716,-0.676184356212616,-0.01147420052438974,-0.7572361826896668,0,0
13427,2717,-0.676062285900116,-0.009704243391752243,-0.7571751475334168,0,0
13446,2718,-0.6743533611297607,-0.009338045492768288,-0.7566258311271668,0,0
13447,2719,-0.6730716824531555,-0.00915494654327631,-0.758090615272522,0,0
13448,2720,-0.6725834012031555,-0.009277013130486012,-0.757785439491272,0,0
13449,2721,-0.6738040447235107,-0.008422550745308399,-0.758334755897522,0,0
13470,2722,-0.6727054715156555,-0.009521144442260265,-0.7590060830116272,0,0
13471,2723,-0.6715458631515503,-0.005920198746025562,-0.7594943642616272,0,0
13472,2724,-0.6738651394844055,-0.007873253896832466,-0.758395791053772,0,0
13472,2725,-0.6709355711936951,-0.006286396645009518,-0.757297158241272,0,0
13473,2726,-0.6712406873703003,-0.006774660665541887,-0.7541234493255615,0,0
13489,2727,-0.6704472899436951,-0.005737100262194872,-0.7565037608146668,0,0
13490,2728,-0.6708744764328003,-0.005309869069606066,-0.7572361826896668,0,0
13491,2729,-0.6673955917358398,-0.006347429472953081,-0.7537572979927063,0,0
13509,2730,-0.6673955917358398,-0.005798133090138435,-0.757907509803772,0,0
13511,2731,-0.6650153398513794,-0.005859165918081999,-0.7555882334709168,0,0
13512,2732,-0.6669073700904846,-0.005859165918081999,-0.7560765147209168,0,0
13512,2733,-0.6669683456420898,-0.006286396645009518,-0.7533300518989563,0,0
13513,2734,-0.6671514511108398,-0.005065737292170525,-0.7535131573677063,0,0
13519,2735,-0.6670294404029846,-0.004699539393186569,-0.7549169063568115,0,0
13527,2736,-0.6674566268920898,-0.005737100262194872,-0.7557103633880615,0,0
13527,2737,-0.6669073700904846,-0.005981231573969126,-0.7552831172943115,0,0
13538,2738,-0.6689214110374451,-0.007568089291453362,-0.7608371376991272,0,0
13539,2739,-0.6717289686203003,-0.00561503367498517,-0.7619357109069824,0,0
13548,2740,-0.6711186170578003,-0.005309869069606066,-0.7637667059898377,0,0
13549,2741,-0.6706914305686951,-0.005065737292170525,-0.7637667059898377,0,0
13552,2742,-0.6731327176094055,-0.003173714736476541,-0.7611422538757324,0,0
13587,2743,-0.675940215587616,-0.00561503367498517,-0.7627901434898377,0,0
13589,2744,-0.6747806072235107,-0.003173714736476541,-0.7609591484069824,0,0
13591,2745,-0.6745975017547607,-0.00189202232286334,-0.757907509803772,0,0
13593,2746,-0.6753909587860107,-0.002136154333129525,-0.7601657509803772,0,0
13597,2747,-0.676489531993866,-0.001525824540294707,-0.7601047158241272,0,0
13600,2748,-0.6775270700454712,-0.002380286110565066,-0.7641328573226929,0,0
13602,2749,-0.6787477731704712,-0.0006713627954013646,-0.7622408270835877,0,0
13603,2750,-0.675451934337616,0.0009154946310445666,-0.7610812783241272,0,0
13604,2751,-0.675879180431366,-0.0003051648673135787,-0.7618746757507324,0,0
13605,2752,-0.675696074962616,0.0014647914795205,-0.7612643241882324,0,0
13606,2753,-0.677466094493866,0.0003051648673135787,-0.7606540322303772,0,0
13632,2754,-0.6784425973892212,-0.0007323957397602499,-0.7602877616882324,0,0
13632,2755,-0.676489531993866,0.0006713627954013646,-0.7604098916053772,0,0
13633,2756,-0.676794707775116,0.0009154946310445666,-0.7619966864585877,0,0
13634,2757,-0.6781984567642212,0.001159626641310751,-0.7635836005210877,0,0
13634,2758,-0.6771608591079712,0.001281692530028522,-0.758762001991272,0,0
13645,2759,-0.6793580651283264,-0.0003661978698801249,-0.7576634287834168,0,0
13646,2760,-0.676550567150116,0.0003051648673135787,-0.758029580116272,0,0
13647,2761,-0.6775270700454712,0.0001830989349400625,-0.7548558712005615,0,0
13663,2762,-0.676733672618866,0.0004882638168055564,-0.7572361826896668,0,0
13664,2763,-0.677099883556366,-0.0001220659542013891,-0.758090615272522,0,0
13665,2764,-0.6741092801094055,-0.001098593580536544,-0.7602877616882324,0,0
13666,2765,-0.6744754314422607,-0.0001830989349400625,-0.7613863945007324,0,0
13679,2766,-0.6737430095672607,0.0004882638168055564,-0.7592502236366272,0,0
13679,2767,-0.6725834012031555,-6.103297710069455e-05,-0.7633394598960877,0,0
13681,2768,-0.6755130290985107,-0.004333341494202614,-0.7606540322303772,0,0
13689,2769,-0.6728885769844055,-0.002929582959040999,-0.757907509803772,0,0
13690,2770,-0.6722782254219055,-0.003051649080589414,-0.758395791053772,0,0
13701,2771,-0.6711186170578003,-0.003967143595218658,-0.7599826455116272,0,0
13701,2772,-0.6696538329124451,-0.004150242544710636,-0.7594333291053772,0,0
13714,2773,-0.6701420545578003,-0.003600945696234703,-0.7574803233146668,0,0
13714,2774,-0.6691655516624451,-0.004150242544710636,-0.7608371376991272,0,0
13715,2775,-0.6699590086936951,-0.003478879807516933,-0.756869912147522,0,0
13727,2776,-0.6716068983078003,-0.00543193519115448,-0.7563206553459168,0,0
13728,2777,-0.6688603758811951,-0.006286396645009518,-0.759372353553772,0,0
13741,2778,-0.6697148680686951,-0.005370902363210917,-0.7594943642616272,0,0
13741,2779,-0.6678838729858398,-0.008239452727138996,-0.757297158241272,0,0
13742,2780,-0.6704472899436951,-0.007568089291453362,-0.7594333291053772,0,0
13766,2781,-0.6700200438499451,-0.005065737292170525,-0.7574803233146668,0,0
13768,2782,-0.6677618026733398,-0.006408462766557932,-0.7629733085632324,0,0
13769,2783,-0.6698979735374451,-0.007079825270920992,-0.7606540322303772,0,0
13771,2784,-0.6689214110374451,-0.006408462766557932,-0.7604098916053772,0,0
13773,2785,-0.6683721542358398,-0.004821605049073696,-0.7563206553459168,0,0
13775,2786,-0.6689825057983398,-0.005309869069606066,-0.7592502236366272,0,0
13776,2787,-0.6678838729858398,-0.006286396645009518,-0.7554662227630615,0,0
13798,2788,-0.6700200438499451,-0.006347429472953081,-0.7574803233146668,0,0
13800,2789,-0.6712406873703003,-0.006591561250388622,-0.7569310069084168,0,0
13801,2790,-0.6714237928390503,-0.005859165918081999,-0.757724404335022,0,0
13802,2791,-0.6717289686203003,-0.006164330989122391,-0.7572361826896668,0,0
13803,2792,-0.6714237928390503,-0.005920198746025562,-0.7574803233146668,0,0
13805,2793,-0.6726444363594055,-0.006347429472953081,-0.7630342841148377,0,0
13829,2794,-0.6724613308906555,-0.004150242544710636,-0.7614474296569824,0,0
13831,2795,-0.6744754314422607,-0.002746484009549022,-0.7626680731773377,0,0
13831,2796,-0.676306426525116,-0.002014088211581111,-0.7665742039680481,0,0
13832,2797,-0.676306426525116,-0.001769956317730248,-0.7676727771759033,0,0
13833,2798,-0.6753299236297607,-0.0004272308433428407,-0.7671235203742981,0,0
13851,2799,-0.675940215587616,-0.003051649080589414,-0.7662079930305481,0,0
13852,2800,-0.6746585369110107,0.0005492967902682722,-0.7649873495101929,0,0
13853,2801,-0.6728275418281555,6.103297710069455e-05,-0.7625460624694824,0,0
13854,2802,-0.6724613308906555,-0.001647890312597156,-0.7646821737289429,0,0
13855,2803,-0.6733157634735107,6.103297710069455e-05,-0.7626070380210877,0,0
13871,2804,-0.6742923259735107,-0.0014647914795205,-0.7624239325523377,0,0
13872,2805,-0.6736820340156555,-0.003173714736476541,-0.7641939520835877,0,0
13873,2806,-0.6712406873703003,-0.001403758418746293,-0.7616305351257324,0,0
13874,2807,-0.6678838729858398,-0.001708923373371363,-0.7635225653648377,0,0
13887,2808,-0.6681280136108398,-0.004089209251105785,-0.7657197713851929,0,0
13888,2809,-0.6663580536842346,-0.004089209251105785,-0.7638887166976929,0,0
13889,2810,-0.6660529375076294,-0.005492968019098043,-0.7658417820930481,0,0
13904,2811,-0.6666021943092346,-0.002990615786984563,-0.7624239325523377,0,0
13905,2812,-0.6659308075904846,-0.003845077706500888,-0.7623629570007324,0,0
13905,2813,-0.6648322343826294,-0.004455407150089741,-0.7619966864585877,0,0
13909,2814,-0.6640998721122742,-0.003356813918799162,-0.7599216103553772,0,0
13917,2815,-0.6648932695388794,-0.002075121272355318,-0.7618136405944824,0,0
13925,2816,-0.6649543046951294,-0.003478879807516933,-0.7637056708335877,0,0
13925,2817,-0.6634895205497742,-0.00427230866625905,-0.7620577812194824,0,0
13934,2818,-0.6634895205497742,-0.004150242544710636,-0.7576634287834168,0,0
13934,2819,-0.6640387773513794,-0.003112681908532977,-0.7605319023132324,0,0
13943,2820,-0.6633064150810242,-0.002929582959040999,-0.7615694999694824,0,0
13950,2821,-0.6650763750076294,-0.001647890312597156,-0.7614474296569824,0,0
13950,2822,-0.6653205156326294,0.0009765276336111128,-0.7596164345741272,0,0
13959,2823,-0.6652594208717346,0.002502352232113481,-0.7594943642616272,0,0
13959,2824,-0.6665411591529846,0.00244131893850863,-0.759128212928772,0,0
13966,2825,-0.6656256914138794,0.002319253282621503,-0.758700966835022,0,0
13972,2826,-0.6656256914138794,0.003661978524178267,-0.7616915702819824,0,0
13973,2827,-0.6650763750076294,0.004150242544710636,-0.7614474296569824,0,0
13979,2828,-0.6656256914138794,0.006530528422445059,-0.7623019218444824,0,0
13987,2829,-0.6656866669654846,0.004821605049073696,-0.7640108466148377,0,0
13987,2830,-0.6689214110374451,0.004394374322146177,-0.7624850273132324,0,0
13994,2831,-0.6679449081420898,0.005248835776001215,-0.7629122138023377,0,0
14001,2832,-0.6678838729858398,0.006713627837598324,-0.7648652791976929,0,0
14002,2833,-0.6691045165061951,0.004150242544710636,-0.7629122138023377,0,0
14010,2834,-0.6693486571311951,0.004333341494202614,-0.7675507068634033,0,0
14018,2835,-0.6688603758811951,0.005187802948057652,-0.7641939520835877,0,0
14019,2836,-0.6683111190795898,0.00488263787701726,-0.7657807469367981,0,0
14026,2837,-0.6681890487670898,0.002624417888000608,-0.7655976414680481,0,0
14027,2838,-0.6673955917358398,0.002258220221847296,-0.7641328573226929,0,0
14034,2839,-0.6681280136108398,0.003600945696234703,-0.7630342841148377,0,0
14045,2840,-0.6678838729858398,0.001037560636177659,-0.7640718221664429,0,0
14046,2841,-0.6681890487670898,0.001220659469254315,-0.7634615302085877,0,0
14046,2842,-0.6686162948608398,0.00189202232286334,-0.7622408270835877,0,0
14066,2843,-0.6667852997779846,0.001953055267222226,-0.7608981132507324,0,0
14067,2844,-0.6665411591529846,-0.0002441319084027782,-0.7621188163757324,0,0
14067,2845,-0.6658697724342346,0.0007934286841191351,-0.7625460624694824,0,0
14068,2846,-0.6662970185279846,0.0006713627954013646,-0.7635225653648377,0,0
14081,2847,-0.6659308075904846,-0.0005492967902682722,-0.7599216103553772,0,0
14082,2848,-0.6663580536842346,-0.0009765276336111128,-0.7613253593444824,0,0
14083,2849,-0.6661749482154846,-0.0008544616866856813,-0.7603488564491272,0,0
14098,2850,-0.6657477021217346,0.0009765276336111128,-0.7617525458335877,0,0
14099,2851,-0.6672124862670898,-0.0001220659542013891,-0.7665131688117981,0,0
14100,2852,-0.6670294404029846,0.0001830989349400625,-0.7691985964775085,0,0
14101,2853,-0.6651984453201294,-0.001708923373371363,-0.7643159627914429,0,0
14113,2854,-0.6657477021217346,-0.0009154946310445666,-0.7651094198226929,0,0
14113,2855,-0.6683111190795898,-0.003539912635460496,-0.7644990682601929,0,0
14124,2856,-0.6662970185279846,-0.004699539393186569,-0.7642549872398377,0,0
14125,2857,-0.6682500839233398,-0.003967143595218658,-0.7644380927085877,0,0
14136,2858,-0.6694096922874451,-0.002929582959040999,-0.7644990682601929,0,0
14137,2859,-0.6682500839233398,-0.002136154333129525,-0.7644380927085877,0,0
14137,2860,-0.6678228378295898,-0.001403758418746293,-0.7657807469367981,0,0
14149,2861,-0.6664801239967346,-0.005554000847041607,-0.7660248875617981,0,0
14149,2862,-0.6634284853935242,-0.002502352232113481,-0.7640718221664429,0,0
14157,2863,-0.6656256914138794,-0.00189202232286334,-0.7648652791976929,0,0
14158,2864,-0.6648322343826294,-0.0008544616866856813,-0.7643769979476929,0,0
14165,2865,-0.6637946367263794,-0.005492968019098043,-0.7656587362289429,0,0
14165,2866,-0.6642218828201294,-0.005492968019098043,-0.7643769979476929,0,0
14173,2867,-0.660865068435669,-0.00543193519115448,-0.7665742039680481,0,0
14180,2868,-0.662207841873169,-0.008239452727138996,-0.7638277411460877,0,0
14180,2869,-0.6637946367263794,-0.007079825270920992,-0.7616915702819824,0,0
14189,2870,-0.6619026064872742,-0.006896726787090302,-0.7597995400428772,0,0
14189,2871,-0.661780595779419,-0.006957759615033865,-0.7612643241882324,0,0
14203,2872,-0.6631233096122742,-0.00665259500965476,-0.7665131688117981,0,0
14203,2873,-0.6634895205497742,-0.008361518383026123,-0.7624850273132324,0,0
14215,2874,-0.6640998721122742,-0.007995319552719593,-0.7630342841148377,0,0
14215,2875,-0.6651374101638794,-0.00726292422041297,-0.7635836005210877,0,0
14216,2876,-0.6655646562576294,-0.006835693493485451,-0.7645601034164429,0,0
14225,2877,-0.6664801239967346,-0.005309869069606066,-0.7640718221664429,0,0
14226,2878,-0.6669683456420898,-0.004394374322146177,-0.7616305351257324,0,0
14234,2879,-0.6677618026733398,-0.003112681908532977,-0.7615084648132324,0,0
14235,2880,-0.6676397323608398,-0.002197187161073089,-0.7642549872398377,0,0
14245,2881,-0.6672735810279846,-0.0007323957397602499,-0.7605929970741272,0,0
14246,2882,-0.6666021943092346,0.001220659469254315,-0.7646211385726929,0,0
14263,2883,-0.6667242646217346,0.0007323957397602499,-0.7632784247398377,0,0
14264,2884,-0.6681890487670898,0.0003051648673135787,-0.7611422538757324,0,0
14264,2885,-0.6689214110374451,0.0002441319084027782,-0.7641939520835877,0,0
14265,2886,-0.6706914305686951,0.001403758418746293,-0.7617525458335877,0,0
14280,2887,-0.6700810790061951,0.001953055267222226,-0.7651094198226929,0,0
14281,2888,-0.6706303358078003,0.001647890312597156,-0.7644380927085877,0,0
14282,2889,-0.6724613308906555,0.002685451181605458,-0.7666352391242981,0,0
14299,2890,-0.6720951199531555,0.002197187161073089,-0.7625460624694824,0,0
14300,2891,-0.6730716824531555,0.001159626641310751,-0.7645601034164429,0,0
14301,2892,-0.6722172498703003,0.003417846746742725,-0.7640718221664429,0,0
14302,2893,-0.6716068983078003,0.001403758418746293,-0.7640718221664429,0,0
14315,2894,-0.6717289686203003,0.003723011817783117,-0.7648042440414429,0,0
14315,2895,-0.6701420545578003,0.002563385060057044,-0.7640718221664429,0,0
14316,2896,-0.6695317625999451,0.004394374322146177,-0.7655976414680481,0,0
14328,2897,-0.6692876219749451,0.002014088211581111,-0.7616305351257324,0,0
14328,2898,-0.6687383651733398,0.003661978524178267,-0.7613863945007324,0,0
14329,2899,-0.6675786972045898,0.002258220221847296,-0.7632173895835877,0,0
14347,2900,-0.6698369383811951,0.003234747797250748,-0.7660859227180481,0,0
14348,2901,-0.6701420545578003,0.003478879807516933,-0.7630342841148377,0,0
14349,2902,-0.6686772704124451,0.003112681908532977,-0.7651704549789429,0,0
14350,2903,-0.6693486571311951,0.002929582959040999,-0.7620577812194824,0,0
14353,2904,-0.6696538329124451,0.00494367117062211,-0.7617525458335877,0,0
14372,2905,-0.6702641844749451,0.00244131893850863,-0.7621188163757324,0,0
14373,2906,-0.6699590086936951,0.001403758418746293,-0.7635225653648377,0,0
14373,2907,-0.6693486571311951,0.002868550131097436,-0.7639498114585877,0,0
14374,2908,-0.6666632294654846,0.003539912635460496,-0.7634615302085877,0,0
14385,2909,-0.6682500839233398,0.003478879807516933,-0.7601657509803772,0,0
14385,2910,-0.6670904755592346,0.002746484009549022,-0.7605319023132324,0,0
14409,2911,-0.6666021943092346,0.002990615786984563,-0.7633394598960877,0,0
14410,2912,-0.6678228378295898,0.004760572221130133,-0.7649873495101929,0,0
14411,2913,-0.6677007675170898,0.003967143595218658,-0.7641328573226929,0,0
14413,2914,-0.6680059432983398,0.004028176423162222,-0.7626070380210877,0,0
14414,2915,-0.6661749482154846,0.003661978524178267,-0.7618136405944824,0,0
14415,2916,-0.6681890487670898,-0.0007934286841191351,-0.7604708671569824,0,0
14442,2917,-0.6661139130592346,-6.103297710069455e-05,-0.7630953192710877,0,0
14443,2918,-0.6680669784545898,0.0009154946310445666,-0.7645601034164429,0,0
14444,2919,-0.6673955917358398,-0.001098593580536544,-0.7621188163757324,0,0
14445,2920,-0.6678838729858398,0.0001830989349400625,-0.7595553994178772,0,0
14447,2921,-0.6702031493186951,-0.002136154333129525,-0.7571751475334168,0,0
14448,2922,-0.6712406873703003,-0.0007934286841191351,-0.757602334022522,0,0
14449,2923,-0.6714237928390503,-0.0009765276336111128,-0.7572361826896668,0,0
14458,2924,-0.6709965467453003,-0.001281692530028522,-0.759372353553772,0,0
14459,2925,-0.6699590086936951,-0.0007323957397602499,-0.7640108466148377,0,0
14469,2926,-0.6706914305686951,0.0004272308433428407,-0.7650483846664429,0,0
14471,2927,-0.6730716824531555,0.001098593580536544,-0.7637056708335877,0,0
14471,2928,-0.6731937527656555,-0.0007934286841191351,-0.7638277411460877,0,0
14486,2929,-0.6729496121406555,-0.0008544616866856813,-0.7661470174789429,0,0
14487,2930,-0.6750857830047607,-0.00244131893850863,-0.7639498114585877,0,0
14487,2931,-0.675696074962616,-0.002685451181605458,-0.7631563544273377,0,0
14501,2932,-0.676855742931366,-0.0007323957397602499,-0.7593112587928772,0,0
14502,2933,-0.676062285900116,-0.001281692530028522,-0.7613863945007324,0,0
14502,2934,-0.676306426525116,-0.002075121272355318,-0.7663910984992981,0,0
14511,2935,-0.6748416423797607,-0.001037560636177659,-0.7658417820930481,0,0
14511,2936,-0.6755740642547607,0,-0.7636446356773377,0,0
14520,2937,-0.6749637126922607,-0.001281692530028522,-0.7649873495101929,0,0
14520,2938,-0.676306426525116,0.0008544616866856813,-0.7657197713851929,0,0
14530,2939,-0.6738040447235107,0.0007323957397602499,-0.7646821737289429,0,0
14533,2940,-0.6718509793281555,0.001769956317730248,-0.7634615302085877,0,0
14536,2941,-0.6715458631515503,0.002197187161073089,-0.7643769979476929,0,0
14583,2942,-0.6720951199531555,0.003478879807516933,-0.7647432088851929,0,0
14585,2943,-0.6706914305686951,0.003234747797250748,-0.7653535008430481,0,0
14586,2944,-0.6689214110374451,0.003234747797250748,-0.7607760429382324,0,0
14589,2945,-0.6678838729858398,0.001403758418746293,-0.7616915702819824,0,0
14590,2946,-0.6674566268920898,0.00158685736823827,-0.7608371376991272,0,0
14591,2947,-0.6670904755592346,0.001037560636177659,-0.758884072303772,0,0
14592,2948,-0.6642218828201294,0.003295780625194311,-0.7605929970741272,0,0
14593,2949,-0.6637336611747742,0.002136154333129525,-0.7571751475334168,0,0
14594,2950,-0.661841630935669,0.002136154333129525,-0.758090615272522,0,0
14595,2951,-0.6634895205497742,0.00488263787701726,-0.7574192881584168,0,0
14596,2952,-0.6645270586013794,0.004638506565243006,-0.758273720741272,0,0
14597,2953,-0.6652594208717346,0.00494367117062211,-0.7621188163757324,0,0
14620,2954,-0.6686772704124451,0.005370902363210917,-0.7596164345741272,0,0
14623,2955,-0.6680059432983398,0.004821605049073696,-0.7613863945007324,0,0
14625,2956,-0.6670904755592346,0.008361518383026123,-0.759372353553772,0,0
14627,2957,-0.6679449081420898,0.006774660665541887,-0.7523535490036011,0,0
14631,2958,-0.6712406873703003,0.004333341494202614,-0.7544897198677063,0,0
14632,2959,-0.6745364665985107,0.005309869069606066,-0.7493018507957459,0,0
14633,2960,-0.6745975017547607,0.006286396645009518,-0.7461281418800354,0,0
14634,2961,-0.6749026775360107,0.005798133090138435,-0.7413675785064697,0,0
14645,2962,-0.675879180431366,0.007629122585058212,-0.7399027943611145,0,0
14646,2963,-0.6775881052017212,0.007018792442977428,-0.7382549047470093,0,0
14657,2964,-0.677099883556366,0.005004704464226961,-0.7360576987266541,0,0
14658,2965,-0.6734378933906555,0.002685451181605458,-0.7383159399032593,0,0
14660,2966,-0.6708134412765503,0.001830989262089133,-0.742649257183075,0,0
14674,2967,-0.6696538329124451,-0.001708923373371363,-0.7543065547943115,0,0
14675,2968,-0.6679449081420898,-0.0001830989349400625,-0.7666962742805481,0,0
14676,2969,-0.6668463349342346,-0.001220659469254315,-0.7782925367355347,0,0
14694,2970,-0.6694707274436951,-0.001159626641310751,-0.788057804107666,0,0
14695,2971,-0.6673346161842346,-0.0008544616866856813,-0.7913535833358765,0,0
14696,2972,-0.6703251600265503,-0.003723011817783117,-0.7900108695030212,0,0
14697,2973,-0.6715458631515503,-0.004028176423162222,-0.787447452545166,0,0
14713,2974,-0.6703861951828003,-0.003539912635460496,-0.7837855219841003,0,0
14714,2975,-0.6722782254219055,-0.003539912635460496,-0.7814052104949951,0,0
14714,2976,-0.6719120740890503,-0.00189202232286334,-0.7787197232246399,0,0
14715,2977,-0.6722172498703003,-0.0003661978698801249,-0.7807338833808899,0,0
14728,2978,-0.6729496121406555,-0.001953055267222226,-0.7781094312667847,0,0
14729,2979,-0.6721562147140503,-0.0009765276336111128,-0.7757901549339294,0,0
14729,2980,-0.6722782254219055,-0.001953055267222226,-0.773104727268219,0,0
14742,2981,-0.6717900037765503,-0.002136154333129525,-0.7695037722587585,0,0
14743,2982,-0.6731937527656555,-0.003173714736476541,-0.7695037722587585,0,0
14744,2983,-0.6752688884735107,-0.002929582959040999,-0.7671845555305481,0,0
14754,2984,-0.676428496837616,-0.001953055267222226,-0.7636446356773377,0,0
14755,2985,-0.677038848400116,-0.002258220221847296,-0.7618136405944824,0,0
14765,2986,-0.6758182048797607,-0.003417846746742725,-0.758700966835022,0,0
14766,2987,-0.676184356212616,-0.005676066968590021,-0.758517861366272,0,0
14776,2988,-0.6728885769844055,-0.0008544616866856813,-0.758090615272522,0,0
14777,2989,-0.6720340847969055,-0.004638506565243006,-0.757968544960022,0,0
14778,2990,-0.6692266464233398,-0.005859165918081999,-0.7544897198677063,0,0
14791,2991,-0.6666632294654846,-0.008788748644292355,-0.7561986446380615,0,0
14792,2992,-0.6637336611747742,-0.008117386139929295,-0.7595553994178772,0,0
14792,2993,-0.6634895205497742,-0.003173714736476541,-0.7569920420646668,0,0
14805,2994,-0.661414384841919,-0.00665259500965476,-0.7607760429382324,0,0
14806,2995,-0.661597490310669,-0.01043663918972015,-0.758700966835022,0,0
14816,2996,-0.6594613194465637,-0.01409861817955971,-0.757907509803772,0,0
14817,2997,-0.6548838615417481,-0.01660097017884255,-0.7585788369178772,0,0
14818,2998,-0.6529918313026428,-0.01953055150806904,-0.758151650428772,0,0
14836,2999,-0.6514660120010376,-0.02154464088380337,-0.7599826455116272,0,0
14837,3000,-0.6503674387931824,-0.02398595958948135,-0.7604098916053772,0,0
14838,3001,-0.6467054486274719,-0.02569488249719143,-0.7648042440414429,0,0
14839,3002,-0.6453626751899719,-0.02752587385475636,-0.7674896717071533,0,0
14856,3003,-0.6481702327728272,-0.02905169688165188,-0.7677338123321533,0,0
14857,3004,-0.6461561322212219,-0.02844136767089367,-0.7676727771759033,0,0
14857,3005,-0.6476819515228272,-0.03106578625738621,-0.7706024050712585,0,0
14858,3006,-0.6474378108978272,-0.0307606216520071,-0.773715078830719,0,0
14883,3007,-0.6489636301994324,-0.0306385550647974,-0.7720671892166138,0,0
14884,3008,-0.6520153284072876,-0.02996719256043434,-0.7713958024978638,0,0
14886,3009,-0.6539073586463928,-0.02844136767089367,-0.7705413699150085,0,0
14887,3010,-0.6567758321762085,-0.02740380726754665,-0.7712737321853638,0,0
14887,3011,-0.6580575704574585,-0.02746484056115151,-0.7691376209259033,0,0
14888,3012,-0.6605599522590637,-0.02563385106623173,-0.7659028768539429,0,0
14910,3013,-0.6631843447685242,-0.02465732395648956,-0.7683441638946533,0,0
14911,3014,-0.6634895205497742,-0.02123947627842426,-0.7702361345291138,0,0
14912,3015,-0.6650763750076294,-0.01824886165559292,-0.7695648074150085,0,0
14913,3016,-0.6668463349342346,-0.01476997975260019,-0.7712126970291138,0,0
14914,3017,-0.6666021943092346,-0.01245072763413191,-0.7723113298416138,0,0
14916,3018,-0.6687383651733398,-0.009277013130486012,-0.772433340549469,0,0
14944,3019,-0.6719731092453003,-0.00665259500965476,-0.772555410861969,0,0
14945,3020,-0.6697148680686951,-0.004089209251105785,-0.7708465456962585,0,0
14946,3021,-0.6716679334640503,-0.002136154333129525,-0.7738370895385742,0,0
14947,3022,-0.6729496121406555,0.0006713627954013646,-0.7718230485916138,0,0
14948,3023,-0.6728885769844055,0.0014647914795205,-0.7688934803009033,0,0
14949,3024,-0.6740481853485107,0.003539912635460496,-0.7639498114585877,0,0
14962,3025,-0.6724003553390503,0.005126770120114088,-0.7648652791976929,0,0
14963,3026,-0.6705083250999451,0.00494367117062211,-0.7607760429382324,0,0
14963,3027,-0.6723392605781555,0.00543193519115448,-0.7594943642616272,0,0
14974,3028,-0.6713017225265503,0.007690155413001776,-0.7540014386177063,0,0
14974,3029,-0.6700810790061951,0.007995319552719593,-0.7563206553459168,0,0
14975,3030,-0.6699590086936951,0.006957759615033865,-0.758334755897522,0,0
14987,3031,-0.6690434813499451,0.008544617332518101,-0.7572361826896668,0,0
14989,3032,-0.6675786972045898,0.007873253896832466,-0.757724404335022,0,0
14991,3033,-0.6677618026733398,0.006957759615033865,-0.7561375498771668,0,0
14997,3034,-0.6678228378295898,0.006469495594501495,-0.7562596201896668,0,0
15000,3035,-0.6684331297874451,0.004577473271638155,-0.757785439491272,0,0
15023,3036,-0.6692266464233398,0.003051649080589414,-0.7541844844818115,0,0
244,0,0.923583984375,-0.09521484375,0.566162109375,0,1
288,1,0.908935546875,-0.211181640625,0.58984375,0,1
338,2,0.85107421875,-0.181396484375,0.478271484375,0,1
377,3,0.848388671875,-0.12255859375,0.4970703125,0,1
431,4,0.915771484375,-0.149658203125,0.47216796875,0,1
507,5,0.9482421875,-0.253662109375,0.511962890625,0,1
548,6,0.867431640625,-0.2587890625,0.514404296875,0,1
610,7,0.86181640625,-0.2607421875,0.4326171875,0,1
658,8,0.959228515625,-0.27392578125,0.52685546875,0,1
686,9,0.959228515625,-0.27392578125,0.52685546875,0,1
714,10,0.93408203125,-0.25927734375,0.48291015625,0,1
755,11,0.8525390625,-0.220458984375,0.573974609375,0,1
797,12,0.8525390625,-0.220458984375,0.573974609375,0,1
832,13,0.8525390625,-0.220458984375,0.573974609375,0,1
854,14,0.843505859375,-0.295166015625,0.47900390625,0,1
869,15,0.843505859375,-0.295166015625,0.47900390625,0,1
898,16,0.78662109375,-0.377197265625,0.482421875,0,1
914,17,0.78662109375,-0.377197265625,0.482421875,0,1
945,18,0.867919921875,-0.23486328125,0.494140625,0,1
1001,19,0.92138671875,-0.180908203125,0.479736328125,0,1
1068,20,0.908935546875,-0.15869140625,0.47314453125,0,1
1123,21,0.865478515625,-0.171875,0.479248046875,0,1
1162,22,0.933349609375,-0.250244140625,0.429443359375,0,1
1198,23,1.004638671875,-0.18310546875,0.40869140625,0,1
1293,24,1.081787109375,0.10888671875,0.343017578125,0,1
1359,25,1.064453125,0.06005859375,0.223388671875,0,1
1490,26,0.911376953125,-0.130615234375,0.16015625,0,1
1624,27,1.04345703125,-0.12890625,0.59814453125,0,1
1717,28,0.75927734375,-0.15966796875,0.337890625,0,1
1754,29,0.775146484375,-0.328125,0.2470703125,0,1
1786,30,1.00146484375,-0.403564453125,0.363037109375,0,1
1817,31,1.08349609375,-0.327880859375,0.464111328125,0,1
1868,32,0.934814453125,-0.3427734375,0.386962890625,0,1
1883,33,0.934814453125,-0.3427734375,0.386962890625,0,1
1909,34,0.934814453125,-0.3427734375,0.386962890625,0,1
1953,35,0.802490234375,-0.520751953125,0.2626953125,0,1
2017,36,0.743408203125,-0.40673828125,0.3837890625,0,1
2109,37,0.640625,-0.27880859375,0.282958984375,0,1
2142,38,0.640625,-0.27880859375,0.282958984375,0,1
2224,39,0.17333984375,-0.126953125,0.126953125,0,1
2457,40,0.892578125,0.172607421875,-0.1435546875,0,1
2521,41,2.85107421875,0.67529296875,0.2822265625,0,1
2543,42,2.85107421875,0.67529296875,0.2822265625,0,1
2563,43,2.804931640625,1.18115234375,-0.183349609375,0,1
2574,44,2.804931640625,1.18115234375,-0.183349609375,0,1
2601,45,1.199951171875,1.13916015625,-0.146240234375,0,1
2625,46,1.199951171875,1.13916015625,-0.146240234375,0,1
2645,47,-0.710693359375,0.856201171875,-0.3251953125,0,1
2662,48,-0.710693359375,0.856201171875,-0.3251953125,0,1
2685,49,-0.710693359375,0.856201171875,-0.3251953125,0,1
2718,50,-0.435546875,1.69580078125,-1.621337890625,0,1
2763,51,-0.435546875,1.69580078125,-1.621337890625,0,1
2797,52,-0.516357421875,2.127685546875,0.71142578125,0,1
2844,53,-0.079833984375,0.7890625,0.421630859375,0,1
2863,54,-0.079833984375,0.7890625,0.421630859375,0,1
2888,55,-1.5556640625,0.9384765625,-0.9091796875,0,1
2905,56,-1.5556640625,0.9384765625,-0.9091796875,0,1
2919,57,-1.5556640625,0.9384765625,-0.9091796875,0,1
2948,58,-0.228271484375,-0.0087890625,0.548583984375,0,1
2994,59,-0.994140625,0.443603515625,-0.080810546875,0,1
3063,60,-0.5849609375,0.59521484375,0.45751953125,0,1
3125,61,-0.607421875,0.834716796875,0.257080078125,0,1
3151,62,-0.535888671875,0.679931640625,0.745849609375,0,1
3186,63,-0.5234375,0.682373046875,0.33251953125,0,1
3243,64,-0.27587890625,0.77392578125,0.62353515625,0,1
3303,65,-0.278076171875,0.6845703125,0.59765625,0,1
3417,66,0.06201171875,0.72021484375,0.613037109375,0,1
3516,67,-0.181884765625,0.799072265625,0.35595703125,0,1
3595,68,-0.1376953125,0.846923828125,0.612548828125,0,1
3725,69,-0.33984375,0.72705078125,0.751953125,0,1
3915,70,-0.024169921875,0.989013671875,0.43896484375,0,1
4034,71,-0.219970703125,0.75537109375,0.38916015625,0,1
4086,72,-0.1123046875,0.884033203125,0.702880859375,0,1
4172,73,-0.178466796875,0.939208984375,0.307861328125,0,1
4216,74,-0.282958984375,0.84375,0.443603515625,0,1
4290,75,-0.3916015625,0.862060546875,0.428955078125,0,1
4375,76,-0.290283203125,0.77685546875,0.584716796875,0,1
4436,77,-0.299072265625,0.81982421875,0.491943359375,0,1
4449,78,-0.365234375,0.783935546875,0.3466796875,0,1
4516,79,-0.303466796875,0.822509765625,0.5361328125,0,1
4626,80,-0.267333984375,0.852294921875,0.518798828125,0,1
4716,81,-0.329833984375,0.87841796875,0.42822265625,0,1
4752,82,-0.331787109375,0.786376953125,0.511474609375,0,1
4776,83,-0.331787109375,0.786376953125,0.511474609375,0,1
4803,84,-0.287353515625,0.79443359375,0.43310546875,0,1
4826,85,-0.287353515625,0.79443359375,0.43310546875,0,1
4850,86,-0.28955078125,0.875244140625,0.423095703125,0,1
4878,87,-0.28955078125,0.875244140625,0.423095703125,0,1
4897,88,-0.285400390625,0.811279296875,0.50341796875,0,1
4908,89,-0.285400390625,0.811279296875,0.50341796875,0,1
4924,90,-0.285400390625,0.811279296875,0.50341796875,0,1
4944,91,-0.29345703125,0.875244140625,0.4208984375,0,1
4958,92,-0.29345703125,0.875244140625,0.4208984375,0,1
4980,93,-0.29345703125,0.875244140625,0.4208984375,0,1
5103,94,-0.28515625,0.79541015625,0.4228515625,0,1
5147,95,-0.331298828125,0.8037109375,0.436279296875,0,1
5196,96,-0.295166015625,0.7978515625,0.41796875,0,1
5277,97,-0.2490234375,0.797119140625,0.435302734375,0,1
5321,98,-0.243896484375,0.904296875,0.407470703125,0,1
5342,99,-0.34521484375,0.894775390625,0.365234375,0,1
5384,100,-0.2900390625,0.88916015625,0.433349609375,0,1
5392,101,-0.2900390625,0.88916015625,0.433349609375,0,1
5451,102,-0.30859375,0.882080078125,0.466552734375,0,1
5487,103,-0.283203125,0.836669921875,0.42138671875,0,1
5566,104,-0.290283203125,0.8759765625,0.425048828125,0,1
5662,105,-0.34033203125,0.80615234375,0.434326171875,0,1
5724,106,-0.297607421875,0.79296875,0.431884765625,0,1
5758,107,-0.297607421875,0.79296875,0.431884765625,0,1
5824,108,-0.287841796875,0.8076171875,0.514404296875,0,1
5854,109,-0.287841796875,0.8076171875,0.514404296875,0,1
5869,110,-0.30078125,0.8095703125,0.462890625,0,1
5888,111,-0.30078125,0.8095703125,0.462890625,0,1
5986,112,-0.285400390625,0.81005859375,0.43408203125,0,1
6094,113,-0.298583984375,0.801513671875,0.4365234375,0,1
6104,114,-0.298583984375,0.801513671875,0.4365234375,0,1
6120,115,-0.281982421875,0.806884765625,0.501953125,0,1
6153,116,-0.281982421875,0.806884765625,0.501953125,0,1
6178,117,-0.339599609375,0.804443359375,0.429443359375,0,1
6201,118,-0.2939453125,0.8017578125,0.4375,0,1
6217,119,-0.2939453125,0.8017578125,0.4375,0,1
6241,120,-0.2939453125,0.8017578125,0.4375,0,1
6254,121,-0.289794921875,0.796142578125,0.505859375,0,1
6276,122,-0.289794921875,0.796142578125,0.505859375,0,1
6293,123,-0.289794921875,0.796142578125,0.505859375,0,1
6343,124,-0.343017578125,0.807373046875,0.436279296875,0,1
6371,125,-0.34033203125,0.7998046875,0.506103515625,0,1
6408,126,-0.339111328125,0.8046875,0.42822265625,0,1
6439,127,-0.339111328125,0.8046875,0.42822265625,0,1
6458,128,-0.334228515625,0.810302734375,0.43701171875,0,1
6474,129,-0.334228515625,0.810302734375,0.43701171875,0,1
6605,130,-0.333251953125,0.7958984375,0.4287109375,0,1
6792,131,-0.339111328125,0.876953125,0.50634765625,0,1
7016,132,-0.29150390625,0.7939453125,0.5126953125,0,1
7078,133,-0.32373046875,0.8037109375,0.503662109375,0,1
7122,134,-0.32373046875,0.8037109375,0.503662109375,0,1
7148,135,-0.329833984375,0.8046875,0.508544921875,0,1
7185,136,-0.319091796875,0.876953125,0.501708984375,0,1
7208,137,-0.319091796875,0.876953125,0.501708984375,0,1
7222,138,-0.319091796875,0.876953125,0.501708984375,0,1
7235,139,-0.330078125,0.80517578125,0.509521484375,0,1
7260,140,-0.330078125,0.80517578125,0.509521484375,0,1
7290,141,-0.330810546875,0.810302734375,0.506591796875,0,1
7296,142,-0.330810546875,0.810302734375,0.506591796875,0,1
7318,143,-0.330810546875,0.810302734375,0.506591796875,0,1
7334,144,-0.33642578125,0.809814453125,0.50390625,0,1
7349,145,-0.33642578125,0.809814453125,0.50390625,0,1
7364,146,-0.33642578125,0.809814453125,0.50390625,0,1
7382,147,-0.33544921875,0.78369140625,0.500244140625,0,1
7428,148,-0.315185546875,0.79541015625,0.47216796875,0,1
7611,149,-0.326904296875,0.88134765625,0.512939453125,0,1
7645,150,-0.28515625,0.78125,0.517578125,0,1
7686,151,-0.32275390625,0.78759765625,0.5146484375,0,1
7729,152,-0.2451171875,0.875244140625,0.5126953125,0,1
7765,153,-0.242431640625,0.812255859375,0.52099609375,0,1
7800,154,-0.242431640625,0.812255859375,0.52099609375,0,1
7867,155,-0.241455078125,0.88037109375,0.501953125,0,1
7956,156,-0.313232421875,0.805908203125,0.517578125,0,1
8018,157,-0.33740234375,0.795166015625,0.52685546875,0,1
8032,158,-0.33740234375,0.795166015625,0.52685546875,0,1
8062,159,-0.317626953125,0.806396484375,0.506103515625,0,1
8107,160,-0.241455078125,0.810791015625,0.490234375,0,1
8119,161,-0.241455078125,0.810791015625,0.490234375,0,1
8160,162,-0.329833984375,0.7958984375,0.432373046875,0,1
8218,163,-0.313232421875,0.806884765625,0.4716796875,0,1
8281,164,-0.313232421875,0.809326171875,0.517333984375,0,1
8368,165,-0.320068359375,0.804931640625,0.528564453125,0,1
8392,166,-0.320068359375,0.804931640625,0.528564453125,0,1
8450,167,-0.31884765625,0.807861328125,0.525390625,0,1
8473,168,-0.31884765625,0.807861328125,0.525390625,0,1
8504,169,-0.31884765625,0.807861328125,0.525390625,0,1
8559,170,-0.321044921875,0.8095703125,0.52978515625,0,1
8570,171,-0.321044921875,0.8095703125,0.52978515625,0,1
8605,172,-0.336181640625,0.8037109375,0.512939453125,0,1
8760,173,-0.326416015625,0.80419921875,0.47021484375,0,1
8809,174,-0.32958984375,0.802978515625,0.5068359375,0,1
8824,175,-0.32958984375,0.802978515625,0.5068359375,0,1
8899,176,-0.33203125,0.7998046875,0.51953125,0,1
9012,177,-0.33740234375,0.79931640625,0.505126953125,0,1
9020,178,-0.33740234375,0.79931640625,0.505126953125,0,1
9042,179,-0.32080078125,0.8095703125,0.47509765625,0,1
9059,180,-0.32080078125,0.8095703125,0.47509765625,0,1
9083,181,-0.317138671875,0.801513671875,0.506591796875,0,1
9137,182,-0.31396484375,0.804443359375,0.43701171875,0,1
9207,183,-0.314208984375,0.81201171875,0.5107421875,0,1
9233,184,-0.324951171875,0.80126953125,0.50732421875,0,1
9379,185,-0.320556640625,0.801513671875,0.48681640625,0,1
9401,186,-0.320556640625,0.801513671875,0.48681640625,0,1
9455,187,-0.288330078125,0.805908203125,0.5009765625,0,1
9501,188,-0.232177734375,0.87548828125,0.526611328125,0,1
9526,189,-0.2822265625,0.80859375,0.527587890625,0,1
9534,190,-0.2822265625,0.80859375,0.527587890625,0,1
9634,191,-0.336669921875,0.802001953125,0.50927734375,0,1
9673,192,-0.336669921875,0.802001953125,0.50927734375,0,1
9770,193,-0.325927734375,0.805908203125,0.50634765625,0,1
9777,194,-0.325927734375,0.805908203125,0.50634765625,0,1
9796,195,-0.325927734375,0.805908203125,0.50634765625,0,1
9851,196,-0.32958984375,0.799560546875,0.47119140625,0,1
9874,197,-0.319580078125,0.8779296875,0.51708984375,0,1
9977,198,-0.33203125,0.79052734375,0.52001953125,0,1
9985,199,-0.33203125,0.79052734375,0.52001953125,0,1
10013,200,-0.24560546875,0.87841796875,0.522216796875,0,1
10132,201,-0.339599609375,0.788330078125,0.51171875,0,1
10152,202,-0.339599609375,0.788330078125,0.51171875,0,1
10164,203,-0.249755859375,0.811767578125,0.470947265625,0,1
10220,204,-0.324951171875,0.803466796875,0.469482421875,0,1
10303,205,-0.247802734375,0.80029296875,0.4755859375,0,1
10325,206,-0.247802734375,0.80029296875,0.4755859375,0,1
10368,207,-0.325927734375,0.801513671875,0.5126953125,0,1
10409,208,-0.24755859375,0.80615234375,0.47265625,0,1
10504,209,-0.3193359375,0.80126953125,0.527587890625,0,1
10583,210,-0.318359375,0.80517578125,0.515625,0,1
10628,211,-0.318359375,0.80517578125,0.515625,0,1
10683,212,-0.316162109375,0.80322265625,0.525390625,0,1
10699,213,-0.31787109375,0.80029296875,0.531005859375,0,1
10753,214,-0.328125,0.78466796875,0.525634765625,0,1
10801,215,-0.31640625,0.802734375,0.525146484375,0,1
10886,216,-0.2421875,0.8798828125,0.525390625,0,1
10949,217,-0.244873046875,0.796630859375,0.5087890625,0,1
11015,218,-0.24609375,0.799072265625,0.482666015625,0,1
11039,219,-0.334228515625,0.80078125,0.5126953125,0,1
11093,220,-0.318359375,0.793701171875,0.47802734375,0,1
11192,221,-0.321533203125,0.830322265625,0.52099609375,0,1
11431,222,-0.366943359375,0.86572265625,0.517333984375,0,1
11645,223,-0.37890625,0.787109375,0.48193359375,0,1
11806,224,-0.446533203125,0.792724609375,0.419189453125,0,1
11839,225,-0.404541015625,0.776611328125,0.5146484375,0,1
11875,226,-0.43408203125,0.893310546875,0.541259765625,0,1
11911,227,-0.30517578125,0.734130859375,0.5283203125,0,1
11935,228,-0.30517578125,0.734130859375,0.5283203125,0,1
11979,229,-0.36572265625,0.877197265625,0.408935546875,0,1
12020,230,-0.4375,0.840576171875,0.4375,0,1
12065,231,-0.380859375,0.747802734375,0.504150390625,0,1
12094,232,-0.380859375,0.747802734375,0.504150390625,0,1
12112,233,-0.393310546875,0.806396484375,0.517822265625,0,1
12122,234,-0.393310546875,0.806396484375,0.517822265625,0,1
12136,235,-0.393310546875,0.806396484375,0.517822265625,0,1
12158,236,-0.376220703125,0.804931640625,0.42529296875,0,1
12173,237,-0.376220703125,0.804931640625,0.42529296875,0,1
12182,238,-0.376220703125,0.804931640625,0.42529296875,0,1
12197,239,-0.345703125,0.832763671875,0.494140625,0,1
12217,240,-0.345703125,0.832763671875,0.494140625,0,1
12229,241,-0.345703125,0.832763671875,0.494140625,0,1
12238,242,-0.345703125,0.832763671875,0.494140625,0,1
12253,243,-0.31103515625,0.8369140625,0.476318359375,0,1
12265,244,-0.31103515625,0.8369140625,0.476318359375,0,1
12276,245,-0.31103515625,0.8369140625,0.476318359375,0,1
12298,246,-0.296875,0.8212890625,0.49267578125,0,1
12347,247,-0.330078125,0.83642578125,0.478515625,0,1
12441,248,-0.29248046875,0.82421875,0.4873046875,0,1
12465,249,-0.305419921875,0.83447265625,0.484375,0,1
12543,250,-0.2900390625,0.835205078125,0.47705078125,0,1
12971,251,-0.303466796875,0.835693359375,0.526611328125,0,1
13129,252,-0.33740234375,0.787841796875,0.4765625,0,1
13153,253,-0.33740234375,0.787841796875,0.4765625,0,1
13193,254,-0.380126953125,0.78173828125,0.474365234375,0,1
13236,255,-0.330810546875,0.783203125,0.472900390625,0,1
13251,256,-0.330810546875,0.783203125,0.472900390625,0,1
13291,257,-0.301513671875,0.782470703125,0.56982421875,0,1
13309,258,-0.301513671875,0.782470703125,0.56982421875,0,1
13354,259,-0.299072265625,0.832763671875,0.5185546875,0,1
13435,260,-0.30322265625,0.836669921875,0.468994140625,0,1
13497,261,-0.295654296875,0.83544921875,0.4912109375,0,1
13532,262,-0.2890625,0.78564453125,0.5302734375,0,1
13615,263,-0.28857421875,0.837890625,0.48974609375,0,1
13670,264,-0.286865234375,0.78125,0.47998046875,0,1
13706,265,-0.286865234375,0.78125,0.47998046875,0,1
13747,266,-0.2978515625,0.84130859375,0.478515625,0,1
13839,267,-0.30859375,0.841064453125,0.528076171875,0,1
13894,268,-0.33544921875,0.835693359375,0.4755859375,0,1
13928,269,-0.29052734375,0.791259765625,0.473388671875,0,1
13953,270,-0.303466796875,0.843505859375,0.5146484375,0,1
13975,271,-0.303466796875,0.843505859375,0.5146484375,0,1
14005,272,-0.298095703125,0.78173828125,0.47998046875,0,1
14030,273,-0.298095703125,0.78173828125,0.47998046875,0,1
14074,274,-0.285400390625,0.800048828125,0.5107421875,0,1
14117,275,-0.306396484375,0.83642578125,0.47265625,0,1
14152,276,-0.297607421875,0.787109375,0.516845703125,0,1
14176,277,-0.297607421875,0.787109375,0.516845703125,0,1
14208,278,-0.341064453125,0.791259765625,0.474853515625,0,1
14240,279,-0.341064453125,0.791259765625,0.474853515625,0,1
14271,280,-0.305908203125,0.84033203125,0.52783203125,0,1
14336,281,-0.291015625,0.78564453125,0.524658203125,0,1
14361,282,-0.341552734375,0.79443359375,0.52294921875,0,1
14423,283,-0.297119140625,0.801025390625,0.519775390625,0,1
14492,284,-0.3935546875,0.828369140625,0.47216796875,0,1
14523,285,-0.3935546875,0.828369140625,0.47216796875,0,1
14606,286,-0.298828125,0.786865234375,0.492919921875,0,1
14650,287,-0.30078125,0.791748046875,0.52001953125,0,1
14719,288,-0.30078125,0.791748046875,0.52001953125,0,1
14759,289,-0.298828125,0.8349609375,0.524169921875,0,1
14824,290,-0.3056640625,0.832275390625,0.528076171875,0,1
14896,291,-0.302490234375,0.83935546875,0.475341796875,0,1
14979,292,-0.2998046875,0.839599609375,0.520751953125,0,1
249,1,36.8828125,-17.4140625,11.8984375,1,1
291,2,37.7421875,2.890625,-15.015625,1,1
347,3,39.1875,2.03125,-2.4140625,1,1
382,4,29.6171875,5.7578125,21.984375,1,1
440,5,38.5078125,-14.6328125,29.6015625,1,1
512,6,46.8828125,-1.984375,13.1953125,1,1
552,7,35.7890625,4.7109375,13.265625,1,1
618,8,26.859375,3.5,10.75,1,1
662,9,13.6015625,-4.1640625,0.6796875,1,1
689,10,13.6015625,-4.1640625,0.6796875,1,1
719,11,10.3125,-4.4375,-11.3984375,1,1
765,12,1.5625,-9.1484375,-20.8046875,1,1
798,13,1.5625,-9.1484375,-20.8046875,1,1
834,14,1.5625,-9.1484375,-20.8046875,1,1
856,15,-13.0703125,-13.75,-18.0703125,1,1
871,16,-13.0703125,-13.75,-18.0703125,1,1
901,17,-28.671875,-22.4375,-6.625,1,1
915,18,-28.671875,-22.4375,-6.625,1,1
948,19,-41.7421875,-33.8828125,10.9296875,1,1
1008,20,-31.5859375,-13.390625,5.1171875,1,1
1075,21,-16.0859375,-15.46875,-1.2890625,1,1
1134,22,1.1015625,0.6640625,0.78125,1,1
1165,23,12.953125,4.9921875,14.1953125,1,1
1202,24,27.90625,-22.484375,3.1640625,1,1
1302,25,33.7265625,-59.7890625,13.6015625,1,1
1367,26,35.0078125,-12.3828125,16.9921875,1,1
1506,27,-21.125,41.1953125,9.421875,1,1
1630,28,7.1484375,-19.421875,-26.6015625,1,1
1722,29,57.5625,31.03125,-33.34375,1,1
1759,30,52.640625,-5.8515625,14.7265625,1,1
1789,31,55.1796875,-2.84375,30.9921875,1,1
1822,32,52.875,-15.59375,16.5546875,1,1
1871,33,45.453125,31.203125,13.265625,1,1
1885,34,45.453125,31.203125,13.265625,1,1
1911,35,45.453125,31.203125,13.265625,1,1
1960,36,38.4921875,23.3671875,11.8125,1,1
2023,37,-0.71875,4.375,28.4609375,1,1
2113,38,12.125,14.7578125,14.875,1,1
2147,39,12.125,14.7578125,14.875,1,1
2234,40,6.3671875,5.4140625,19.140625,1,1
2477,41,35.5,-27.5546875,200.28125,1,1
2523,42,161.7421875,-256,241.4453125,1,1
2545,43,161.7421875,-256,241.4453125,1,1
2565,44,149.4375,-256,253.9921875,1,1
2575,45,149.4375,-256,253.9921875,1,1
2604,46,72.7890625,253.9921875,253.9921875,1,1
2627,47,72.7890625,253.9921875,253.9921875,1,1
2648,48,-180.5625,253.9921875,45.046875,1,1
2664,49,-180.5625,253.9921875,45.046875,1,1
2687,50,-180.5625,253.9921875,45.046875,1,1
2722,51,-256.078125,-256,253.9921875,1,1
2766,52,-256.078125,-256,253.9921875,1,1
2802,53,202.6796875,-256,234.671875,1,1
2846,54,9.4296875,253.9921875,253.9921875,1,1
2864,55,9.4296875,253.9921875,253.9921875,1,1
2890,56,253.9921875,-24.9921875,108.8359375,1,1
2907,57,253.9921875,-24.9921875,108.8359375,1,1
2922,58,253.9921875,-24.9921875,108.8359375,1,1
2950,59,58.34375,-141.234375,-31.5234375,1,1
2998,60,95.265625,-33.0625,25.5078125,1,1
3077,61,33,90.5625,-30.96875,1,1
3130,62,78.890625,-19.71875,-67.8828125,1,1
3153,63,68.65625,63.2734375,-86.2421875,1,1
3188,64,-1.453125,45.0078125,-24.0078125,1,1
3246,65,-24.6171875,-149.3984375,10.7421875,1,1
3307,66,39.8359375,75.5078125,-17.6015625,1,1
3430,67,-41.6953125,-161.6640625,-2.4140625,1,1
3534,68,-72.4375,-59.6015625,-33.2421875,1,1
3615,69,175.53125,-34.2890625,-0.90625,1,1
3743,70,61.46875,-33.890625,85.9765625,1,1
3940,71,55.859375,-57.484375,-35.359375,1,1
4042,72,42.875,30.2734375,31.7109375,1,1
4093,73,-27.9453125,-69.4921875,-2.0703125,1,1
4177,74,17.5078125,74.28125,2.125,1,1
4221,75,16.8828125,29.453125,14.2734375,1,1
4306,76,18.484375,31.7109375,30.2265625,1,1
4383,77,34.8203125,-79.609375,11.9921875,1,1
4440,78,-30.6328125,60.515625,-2.5859375,1,1
4454,79,12.796875,-30.265625,0.0078125,1,1
4523,80,-9.2734375,-1,-3.96875,1,1
4632,81,-8.296875,-18.546875,-5.21875,1,1
4721,82,-6.0234375,12.53125,-0.9453125,1,1
4756,83,-4.4921875,-1.75,-0.0703125,1,1
4778,84,-4.4921875,-1.75,-0.0703125,1,1
4806,85,-10.765625,2.6328125,2.9921875,1,1
4830,86,-10.765625,2.6328125,2.9921875,1,1
4854,87,-3.453125,-4.921875,3.2265625,1,1
4880,88,-3.453125,-4.921875,3.2265625,1,1
4899,89,-3.453125,1.6328125,2.328125,1,1
4910,90,-3.453125,1.6328125,2.328125,1,1
4926,91,-3.453125,1.6328125,2.328125,1,1
4946,92,3.0546875,-5.5234375,-1.484375,1,1
4959,93,3.0546875,-5.5234375,-1.484375,1,1
4981,94,3.0546875,-5.5234375,-1.484375,1,1
5108,95,-4.1640625,1.6953125,-6.1953125,1,1
5151,96,0.5703125,-2.171875,-6.2109375,1,1
5208,97,0.8984375,0.3828125,-1.3984375,1,1
5289,98,-14.5234375,-0.8984375,4.4375,1,1
5326,99,-8.4375,6.109375,9.40625,1,1
5346,100,-0.375,18.734375,3.890625,1,1
5387,101,4.5234375,-10.5390625,0.796875,1,1
5397,102,4.5234375,-10.5390625,0.796875,1,1
5455,103,-1.03125,-10.015625,-3.1875,1,1
5492,104,1.3203125,-2.6015625,-1.921875,1,1
5572,105,2.9296875,-5.828125,-2.3671875,1,1
5671,106,-2.1328125,-4.2421875,0.0546875,1,1
5731,107,-0.1953125,-6.0703125,-0.9921875,1,1
5763,108,-0.1953125,-6.0703125,-0.9921875,1,1
5828,109,-0.21875,-4.7734375,-1.8125,1,1
5856,110,-0.21875,-4.7734375,-1.8125,1,1
5872,111,-0.671875,5.3046875,0.015625,1,1
5889,112,-0.671875,5.3046875,0.015625,1,1
6007,113,1.046875,1.46875,-2.0078125,1,1
6097,114,-4.46875,-5.0859375,0.0390625,1,1
6106,115,-4.46875,-5.0859375,0.0390625,1,1
6123,116,3.765625,3.7734375,0.921875,1,1
6155,117,3.765625,3.7734375,0.921875,1,1
6181,118,-2.84375,-7.1484375,-1.3515625,1,1
6204,119,-2.4765625,-0.734375,-1.3125,1,1
6219,120,-2.4765625,-0.734375,-1.3125,1,1
6243,121,-2.4765625,-0.734375,-1.3125,1,1
6257,122,1.296875,2.5390625,-2.9453125,1,1
6278,123,1.296875,2.5390625,-2.9453125,1,1
6296,124,1.296875,2.5390625,-2.9453125,1,1
6348,125,-4.0859375,-3.484375,-4.625,1,1
6376,126,-4.03125,-1.0859375,-1.4921875,1,1
6413,127,-0.7265625,2.9375,-2.765625,1,1
6441,128,-0.7265625,2.9375,-2.765625,1,1
6462,129,-3.1328125,-4.6484375,-1.0078125,1,1
6476,130,-3.1328125,-4.6484375,-1.0078125,1,1
6614,131,-3.578125,-4.0859375,-3.0625,1,1
6816,132,-0.1328125,-4.8203125,-2.796875,1,1
7026,133,-2.3671875,-3.125,-4.703125,1,1
7083,134,-2.8984375,-2.140625,-4.71875,1,1
7124,135,-2.8984375,-2.140625,-4.71875,1,1
7151,136,0.359375,0.7734375,-1.0625,1,1
7188,137,-4.2421875,-3.9140625,-2.3671875,1,1
7210,138,-4.2421875,-3.9140625,-2.3671875,1,1
7224,139,-4.2421875,-3.9140625,-2.3671875,1,1
7237,140,-2.421875,-2.6015625,0.1484375,1,1
7262,141,-2.421875,-2.6015625,0.1484375,1,1
7293,142,-2.4453125,4.3046875,0.5859375,1,1
7298,143,-2.4453125,4.3046875,0.5859375,1,1
7320,144,-2.4453125,4.3046875,0.5859375,1,1
7337,145,-0.84375,-3.4609375,2.0625,1,1
7351,146,-0.84375,-3.4609375,2.0625,1,1
7365,147,-0.84375,-3.4609375,2.0625,1,1
7383,148,-8.75,-0.328125,-1.4609375,1,1
7430,149,1.0625,-1.1953125,-1.109375,1,1
7626,150,-2.8125,-4.2578125,-5.109375,1,1
7650,151,4.21875,-0.15625,-8.65625,1,1
7690,152,2.0703125,-1.3125,-10.6796875,1,1
7734,153,-4.515625,0.09375,-5.578125,1,1
7769,154,0.8359375,-0.6796875,-1.4921875,1,1
7803,155,0.8359375,-0.6796875,-1.4921875,1,1
7892,156,-6.4375,2.4140625,-0.828125,1,1
7962,157,-3.875,-2.3984375,-2.21875,1,1
8022,158,3.234375,2.59375,0.0625,1,1
8036,159,3.234375,2.59375,0.0625,1,1
8068,160,4.234375,-2.46875,-1.1640625,1,1
8108,161,-6.046875,0.28125,-2.7421875,1,1
8121,162,-6.046875,0.28125,-2.7421875,1,1
8166,163,-2.0703125,-1.2734375,0.53125,1,1
8224,164,-0.2890625,2.015625,0.7421875,1,1
8292,165,-1.5703125,-3.7265625,2.125,1,1
8378,166,-0.1484375,-2.5078125,0.4296875,1,1
8396,167,-0.1484375,-2.5078125,0.4296875,1,1
8454,168,-4.921875,-2.78125,-0.7890625,1,1
8476,169,-4.921875,-2.78125,-0.7890625,1,1
8506,170,-4.921875,-2.78125,-0.7890625,1,1
8563,171,0.0625,4.140625,-0.640625,1,1
8572,172,0.0625,4.140625,-0.640625,1,1
8609,173,-0.484375,0.1640625,-0.171875,1,1
8768,174,7.0703125,4.421875,-0.9921875,1,1
8811,175,-5.953125,6.5625,0.2421875,1,1
8828,176,-5.953125,6.5625,0.2421875,1,1
8912,177,-1.75,-8.46875,0.359375,1,1
9014,178,1.140625,-2.1796875,-1.6328125,1,1
9024,179,1.140625,-2.1796875,-1.6328125,1,1
9044,180,-3.2578125,0.21875,-3.2578125,1,1
9060,181,-3.2578125,0.21875,-3.2578125,1,1
9085,182,-1.671875,-10.328125,-1.9296875,1,1
9139,183,-1.265625,1.5546875,-2.34375,1,1
9210,184,-4.203125,-3.421875,-0.6875,1,1
9236,185,-5.25,2.9609375,-2.015625,1,1
9388,186,-3.78125,2.5625,0.40625,1,1
9418,187,-3.78125,2.5625,0.40625,1,1
9459,188,2.421875,-0.6015625,-0.3125,1,1
9504,189,-8.0390625,-5.3671875,2.8984375,1,1
9528,190,-0.359375,2.9609375,2.2421875,1,1
9536,191,-0.359375,2.9609375,2.2421875,1,1
9641,192,-4.1875,-14.359375,-1.546875,1,1
9675,193,-4.1875,-14.359375,-1.546875,1,1
9773,194,-5.46875,-5.28125,-1.4765625,1,1
9779,195,-5.46875,-5.28125,-1.4765625,1,1
9800,196,-5.46875,-5.28125,-1.4765625,1,1
9854,197,2.203125,4.0390625,-1.140625,1,1
9876,198,0.4921875,2.0625,-2.9140625,1,1
9980,199,3.7109375,-2.9921875,-2.59375,1,1
9986,200,3.7109375,-2.9921875,-2.59375,1,1
10015,201,5.8828125,2,-2.796875,1,1
10139,202,4.171875,-2.5234375,0.3046875,1,1
10157,203,4.171875,-2.5234375,0.3046875,1,1
10167,204,-2.1015625,4.8671875,0.2109375,1,1
10230,205,-1.9140625,-7.0078125,0.21875,1,1
10305,206,0.703125,-3.0625,-1.6796875,1,1
10327,207,0.703125,-3.0625,-1.6796875,1,1
10371,208,-0.953125,-0.0546875,-1.1171875,1,1
10417,209,-4.28125,0,-2.484375,1,1
10518,210,-0.78125,1.25,0.84375,1,1
10592,211,-1.0546875,-6.1640625,-2.3046875,1,1
10632,212,-1.0546875,-6.1640625,-2.3046875,1,1
10686,213,-1.0390625,2.3984375,-2.90625,1,1
10702,214,-1.140625,1.640625,-2.734375,1,1
10756,215,-0.484375,-0.1171875,-1.5703125,1,1
10805,216,-1.0859375,-6.2421875,-2.8125,1,1
10896,217,-2.6171875,2.625,0.875,1,1
10958,218,-7.9765625,-4.6796875,0.15625,1,1
11018,219,2.9140625,-5.40625,-0.34375,1,1
11042,220,-1.6171875,11.21875,2.2421875,1,1
11103,221,-3.09375,-7.3828125,2.0859375,1,1
11209,222,0.9921875,1.484375,-0.7734375,1,1
11452,223,-25.671875,14.7109375,27.7421875,1,1
11668,224,-13.125,4.1875,0.875,1,1
11813,225,-5.5,0.5,1.953125,1,1
11842,226,25.5625,-28.921875,9.25,1,1
11880,227,13.875,10.140625,-0.609375,1,1
11917,228,-24.21875,-9.453125,-6.6484375,1,1
11938,229,-24.21875,-9.453125,-6.6484375,1,1
11983,230,1.6640625,35.1953125,-12.3125,1,1
12030,231,-5.7265625,-25.3359375,-10.0078125,1,1
12067,232,0.28125,-8.3984375,-10.484375,1,1
12096,233,0.28125,-8.3984375,-10.484375,1,1
12114,234,6.5859375,6.1953125,-11.1796875,1,1
12123,235,6.5859375,6.1953125,-11.1796875,1,1
12138,236,6.5859375,6.1953125,-11.1796875,1,1
12160,237,1.6640625,-20.7578125,-7.59375,1,1
12174,238,1.6640625,-20.7578125,-7.59375,1,1
12183,239,1.6640625,-20.7578125,-7.59375,1,1
12200,240,14.46875,0.53125,-8.890625,1,1
12218,241,14.46875,0.53125,-8.890625,1,1
12230,242,14.46875,0.53125,-8.890625,1,1
12239,243,14.46875,0.53125,-8.890625,1,1
12255,244,-4.078125,-8.7890625,-12.546875,1,1
12266,245,-4.078125,-8.7890625,-12.546875,1,1
12277,246,-4.078125,-8.7890625,-12.546875,1,1
12299,247,6.15625,-13.28125,-9.3125,1,1
12349,248,-2.4296875,7.3515625,-7.0546875,1,1
12444,249,2.0703125,-1.3203125,-1.0390625,1,1
12470,250,-3.9140625,8.6953125,4.1875,1,1
12552,251,2.640625,-15.9296875,4.1015625,1,1
12987,252,0.046875,1,-2.84375,1,1
13132,253,-4.28125,-5.3203125,-1.1328125,1,1
13157,254,-4.28125,-5.3203125,-1.1328125,1,1
13197,255,2.09375,0.7734375,-2.1328125,1,1
13238,256,-4.4765625,1.546875,-2.1484375,1,1
13253,257,-4.4765625,1.546875,-2.1484375,1,1
13294,258,-0.3828125,-9.9921875,0.875,1,1
13313,259,-0.3828125,-9.9921875,0.875,1,1
13358,260,0.5703125,11.8671875,0.1015625,1,1
13441,261,-4.6171875,2.6953125,-1.0234375,1,1
13503,262,2.28125,1.546875,-2.984375,1,1
13535,263,0.8046875,-7.2421875,0.3203125,1,1
13626,264,-5.53125,-0.140625,0.140625,1,1
13675,265,-6.53125,-3.78125,-0.4921875,1,1
13710,266,-6.53125,-3.78125,-0.4921875,1,1
13757,267,-3.40625,-1.1953125,0.84375,1,1
13846,268,-1.7109375,-2.6640625,-2.1875,1,1
13899,269,-6.3671875,-1.203125,-2.75,1,1
13931,270,-1.1875,0.640625,0.4609375,1,1
13957,271,-5.8515625,10.8359375,-2.7109375,1,1
13977,272,-5.8515625,10.8359375,-2.7109375,1,1
14007,273,-4.53125,0.3828125,-2.3125,1,1
14032,274,-4.53125,0.3828125,-2.3125,1,1
14077,275,-2.90625,0.171875,0.1640625,1,1
14121,276,-4.7421875,-0.1953125,-2.5078125,1,1
14155,277,3.4296875,-0.265625,-2.578125,1,1
14178,278,3.4296875,-0.265625,-2.578125,1,1
14212,279,-3.0859375,-1.2421875,-2.6015625,1,1
14243,280,-3.0859375,-1.2421875,-2.6015625,1,1
14276,281,-2.578125,-2.4140625,-2.6796875,1,1
14342,282,-0.2421875,4.453125,0.578125,1,1
14367,283,-1.6875,-2.953125,0.84375,1,1
14432,284,-1.9296875,6.34375,2.3046875,1,1
14497,285,1.5859375,4.5625,2,1,1
14526,286,1.5859375,4.5625,2,1,1
14614,287,0.96875,-2.4140625,-0.9921875,1,1
14654,288,-2.0546875,7.421875,0.265625,1,1
14724,289,-2.0546875,7.421875,0.265625,1,1
14763,290,-2.4140625,-5.3828125,-2.9453125,1,1
14832,291,-4.3828125,-0.2109375,-1.1953125,1,1
14904,292,-4.1171875,1.453125,-2.96875,1,1
14982,293,-0.9375,-2.390625,0.265625,1,1
257,1,6.5,51.5,-56.83333206176758,2,1
298,2,7.666666507720947,51.83333206176758,-54.83333206176758,2,1
354,3,8.333333015441895,52.83333206176758,-53.16666793823242,2,1
388,4,10.66666698455811,51.33333206176758,-50.83333206176758,2,1
445,5,10.5,52.33333206176758,-50.66666793823242,2,1
516,6,11.3333330154419,52.33333206176758,-45.66666793823242,2,1
555,7,12.5,53.5,0.1666666716337204,2,1
626,8,11,53.66666793823242,-43.5,2,1
665,9,11.5,52.16666793823242,1.5,2,1
691,10,11.5,52.16666793823242,1.5,2,1
722,11,12.3333330154419,54.16666793823242,1.5,2,1
772,12,13,54.16666793823242,2.166666746139526,2,1
800,13,13,54.16666793823242,2.166666746139526,2,1
837,14,13,54.16666793823242,2.166666746139526,2,1
858,15,12.8333330154419,55.16666793823242,2.333333253860474,2,1
872,16,12.8333330154419,55.16666793823242,2.333333253860474,2,1
902,17,12.66666698455811,54.16666793823242,3,2,1
917,18,12.66666698455811,54.16666793823242,3,2,1
950,19,13.8333330154419,52.5,2.666666746139526,2,1
1013,20,12.8333330154419,55.16666793823242,0.8333333134651184,2,1
1084,21,12,55.5,-43,2,1
1137,22,11.66666698455811,54.66666793823242,-44.16666793823242,2,1
1168,23,11.66666698455811,55.16666793823242,-45.66666793823242,2,1
1204,24,11.5,55.33333206176758,0.3333333432674408,2,1
1308,25,12.66666698455811,55.66666793823242,0.3333333432674408,2,1
1370,26,11.8333330154419,58.5,4.5,2,1
1520,27,11.66666698455811,57.5,8.5,2,1
1641,28,11.66666698455811,56.33333206176758,4.666666507720947,2,1
1726,29,12.5,56.66666793823242,5.833333492279053,2,1
1763,30,13.5,56.16666793823242,9.5,2,1
1791,31,16.33333396911621,56.16666793823242,11.5,2,1
1827,32,14.8333330154419,56.33333206176758,13.5,2,1
1873,33,13.66666698455811,55.5,14.66666698455811,2,1
1886,34,13.66666698455811,55.5,14.66666698455811,2,1
1913,35,13.66666698455811,55.5,14.66666698455811,2,1
1965,36,12.8333330154419,57.83333206176758,16.66666603088379,2,1
2029,37,13.3333330154419,58.33333206176758,17,2,1
2116,38,11.66666698455811,58.33333206176758,17.33333396911621,2,1
2176,39,11.66666698455811,58.33333206176758,17.33333396911621,2,1
2250,40,11.66666698455811,60.33333206176758,16.16666603088379,2,1
2496,41,5.5,21.33333396911621,20.33333396911621,2,1
2526,42,1.5,63.66666793823242,18.33333396911621,2,1
2547,43,1.5,63.66666793823242,18.33333396911621,2,1
2567,44,-49,63,-13.66666698455811,2,1
2577,45,-49,63,-13.66666698455811,2,1
2607,46,-60.83333206176758,59.83333206176758,-8.833333015441895,2,1
2631,47,-60.83333206176758,59.83333206176758,-8.833333015441895,2,1
2652,48,-27.5,21.83333396911621,13.3333330154419,2,1
2666,49,-27.5,21.83333396911621,13.3333330154419,2,1
2690,50,-27.5,21.83333396911621,13.3333330154419,2,1
2728,51,-34.5,59.83333206176758,-31.83333396911621,2,1
2769,52,-34.5,59.83333206176758,-31.83333396911621,2,1
2806,53,-42,58.16666793823242,-31.5,2,1
2848,54,-86.33333587646484,58.33333206176758,-61,2,1
2865,55,-86.33333587646484,58.33333206176758,-61,2,1
2892,56,-95,50.16666793823242,-33.16666793823242,2,1
2910,57,-95,50.16666793823242,-33.16666793823242,2,1
2923,58,-95,50.16666793823242,-33.16666793823242,2,1
2952,59,-97.33333587646484,44.16666793823242,-40.83333206176758,2,1
3001,60,-95.33333587646484,49,-39.66666793823242,2,1
3087,61,-95.33333587646484,-0.1666666716337204,-42,2,1
3133,62,-93.16666412353516,46,-86,2,1
3156,63,-92.33333587646484,46.33333206176758,-42.5,2,1
3190,64,-87.5,46.66666793823242,-42.5,2,1
3248,65,-90.33333587646484,46.33333206176758,-88.33333587646484,2,1
3313,66,-89.83333587646484,49.33333206176758,-86.5,2,1
3437,67,-90,47.5,-89.83333587646484,2,1
3544,68,-92.33333587646484,50.66666793823242,-41,2,1
3627,69,-91.83333587646484,51.66666793823242,-37.33333206176758,2,1
3766,70,-86.33333587646484,53.5,-38.66666793823242,2,1
3952,71,-90.33333587646484,53.16666793823242,-34.83333206176758,2,1
4050,72,-89.5,53.5,-36,2,1
4100,73,-89.5,51.16666793823242,-40.16666793823242,2,1
4181,74,-90.16666412353516,52.16666793823242,-38.5,2,1
4224,75,-91,52.5,-40,2,1
4314,76,-89.5,51.5,-41,2,1
4394,77,-91.5,49.5,-86.66666412353516,2,1
4445,78,-88.83333587646484,50.33333206176758,-41.33333206176758,2,1
4461,79,-93,50.16666793823242,-40.83333206176758,2,1
4534,80,-89,49.33333206176758,-42,2,1
4649,81,-91.16666412353516,49.5,-42.16666793823242,2,1
4724,82,-90,49.16666793823242,-41,2,1
4758,83,-90.16666412353516,49,-42,2,1
4781,84,-90.16666412353516,49,-42,2,1
4809,85,-90.33333587646484,50,-41,2,1
4834,86,-90.33333587646484,50,-41,2,1
4856,87,-90.83333587646484,49.16666793823242,-41.33333206176758,2,1
4881,88,-90.83333587646484,49.16666793823242,-41.33333206176758,2,1
4901,89,-92.16666412353516,49.33333206176758,-40,2,1
4911,90,-92.16666412353516,49.33333206176758,-40,2,1
4928,91,-92.16666412353516,49.33333206176758,-40,2,1
4947,92,-93,49.33333206176758,-85.83333587646484,2,1
4961,93,-93,49.33333206176758,-85.83333587646484,2,1
4984,94,-93,49.33333206176758,-85.83333587646484,2,1
5112,95,-92,50,-39.83333206176758,2,1
5154,96,-90.5,48.5,-40,2,1
5220,97,-89.5,48.66666793823242,-86,2,1
5292,98,-91.33333587646484,51,-40.83333206176758,2,1
5329,99,-91.33333587646484,49,-41.16666793823242,2,1
5349,100,-93,49.66666793823242,-41.16666793823242,2,1
5389,101,-91.33333587646484,51,-42.66666793823242,2,1
5402,102,-91.33333587646484,51,-42.66666793823242,2,1
5459,103,-92.33333587646484,50,-41.33333206176758,2,1
5495,104,-90,50,-40.66666793823242,2,1
5580,105,-90.5,49.33333206176758,-42,2,1
5678,106,-91.16666412353516,49.16666793823242,-41,2,1
5735,107,-91.83333587646484,49,-40.33333206176758,2,1
5768,108,-91.83333587646484,49,-40.33333206176758,2,1
5831,109,-92.16666412353516,48.5,-41.16666793823242,2,1
5859,110,-92.16666412353516,48.5,-41.16666793823242,2,1
5875,111,-92.5,49.66666793823242,-40.83333206176758,2,1
5890,112,-92.5,49.66666793823242,-40.83333206176758,2,1
6023,113,-91,49,-41.16666793823242,2,1
6100,114,-90.16666412353516,50.16666793823242,-41.16666793823242,2,1
6108,115,-90.16666412353516,50.16666793823242,-41.16666793823242,2,1
6125,116,-90.83333587646484,49.5,-41.33333206176758,2,1
6157,117,-90.83333587646484,49.5,-41.33333206176758,2,1
6184,118,-91,49,-41.16666793823242,2,1
6206,119,-91.16666412353516,51.16666793823242,-41.33333206176758,2,1
6220,120,-91.16666412353516,51.16666793823242,-41.33333206176758,2,1
6245,121,-91.16666412353516,51.16666793823242,-41.33333206176758,2,1
6258,122,-91,48.5,-40.33333206176758,2,1
6279,123,-91,48.5,-40.33333206176758,2,1
6304,124,-91,48.5,-40.33333206176758,2,1
6353,125,-92.83333587646484,48,-40.16666793823242,2,1
6378,126,-92,49.5,-42.5,2,1
6416,127,-91.33333587646484,49.33333206176758,-40,2,1
6442,128,-91.33333587646484,49.33333206176758,-40,2,1
6465,129,-91,50.5,-42.33333206176758,2,1
6478,130,-91,50.5,-42.33333206176758,2,1
6620,131,-92.16666412353516,49.33333206176758,-42,2,1
6858,132,-91.33333587646484,50.5,-41.5,2,1
7035,133,-92.33333587646484,49.5,-40.66666793823242,2,1
7087,134,-91.16666412353516,47.5,-40.66666793823242,2,1
7127,135,-91.16666412353516,47.5,-40.66666793823242,2,1
7154,136,-89.16666412353516,50,-40.66666793823242,2,1
7190,137,-91,49.33333206176758,-41.16666793823242,2,1
7212,138,-91,49.33333206176758,-41.16666793823242,2,1
7226,139,-91,49.33333206176758,-41.16666793823242,2,1
7240,140,-91,50.5,-39.33333206176758,2,1
7264,141,-91,50.5,-39.33333206176758,2,1
7294,142,-92.5,51.66666793823242,-40.33333206176758,2,1
7300,143,-92.5,51.66666793823242,-40.33333206176758,2,1
7321,144,-92.5,51.66666793823242,-40.33333206176758,2,1
7338,145,-92.33333587646484,48.66666793823242,-40.16666793823242,2,1
7352,146,-92.33333587646484,48.66666793823242,-40.16666793823242,2,1
7367,147,-92.33333587646484,48.66666793823242,-40.16666793823242,2,1
7385,148,-91.16666412353516,49.16666793823242,-41.83333206176758,2,1
7431,149,-91.83333587646484,50.16666793823242,-40.83333206176758,2,1
7640,150,-91.33333587646484,50.5,-40.33333206176758,2,1
7654,151,-91.16666412353516,49.5,-42.16666793823242,2,1
7693,152,-91,49.66666793823242,-42,2,1
7737,153,-90.5,49.66666793823242,-39.66666793823242,2,1
7772,154,-90.83333587646484,50,-41,2,1
7806,155,-90.83333587646484,50,-41,2,1
7909,156,-90.16666412353516,50.16666793823242,-41.16666793823242,2,1
7965,157,-89.83333587646484,49.33333206176758,-42,2,1
8027,158,-90,51.16666793823242,-41.33333206176758,2,1
8039,159,-90,51.16666793823242,-41.33333206176758,2,1
8073,160,-90.16666412353516,48.16666793823242,-41.16666793823242,2,1
8110,161,-89.83333587646484,50.16666793823242,-41.16666793823242,2,1
8123,162,-89.83333587646484,50.16666793823242,-41.16666793823242,2,1
8172,163,-89.83333587646484,51,-41.5,2,1
8229,164,-88.5,51,-42.33333206176758,2,1
8298,165,-90.33333587646484,51.5,-40.66666793823242,2,1
8384,166,-90.16666412353516,50.16666793823242,-40.83333206176758,2,1
8399,167,-90.16666412353516,50.16666793823242,-40.83333206176758,2,1
8457,168,-89.5,49.5,-40.16666793823242,2,1
8479,169,-89.5,49.5,-40.16666793823242,2,1
8509,170,-89.5,49.5,-40.16666793823242,2,1
8566,171,-89.33333587646484,51.66666793823242,-41.5,2,1
8574,172,-89.33333587646484,51.66666793823242,-41.5,2,1
8612,173,-90.5,49.66666793823242,-40.83333206176758,2,1
8773,174,-90,51.16666793823242,-41.33333206176758,2,1
8813,175,-90.83333587646484,49.16666793823242,-40.16666793823242,2,1
8830,176,-90.83333587646484,49.16666793823242,-40.16666793823242,2,1
8916,177,-90.83333587646484,51.16666793823242,-86,2,1
9017,178,-89.33333587646484,49,-41.16666793823242,2,1
9026,179,-89.33333587646484,49,-41.16666793823242,2,1
9046,180,-89.5,50.66666793823242,-41.33333206176758,2,1
9062,181,-89.5,50.66666793823242,-41.33333206176758,2,1
9086,182,-90.33333587646484,50.66666793823242,-41.33333206176758,2,1
9143,183,-89.5,48.66666793823242,-41,2,1
9213,184,-91,50.16666793823242,-39.66666793823242,2,1
9238,185,-90.33333587646484,51.16666793823242,-40.16666793823242,2,1
9393,186,-90.16666412353516,51.66666793823242,-40.33333206176758,2,1
9425,187,-90.16666412353516,51.66666793823242,-40.33333206176758,2,1
9462,188,-90.83333587646484,51.16666793823242,-40.66666793823242,2,1
9506,189,-91,50.16666793823242,-40,2,1
9531,190,-92,49.5,-39,2,1
9538,191,-92,49.5,-39,2,1
9645,192,-90.5,49.66666793823242,-40.33333206176758,2,1
9677,193,-90.5,49.66666793823242,-40.33333206176758,2,1
9774,194,-90.33333587646484,50.66666793823242,-41.83333206176758,2,1
9782,195,-90.33333587646484,50.66666793823242,-41.83333206176758,2,1
9804,196,-90.33333587646484,50.66666793823242,-41.83333206176758,2,1
9856,197,-90.5,49.66666793823242,-41.5,2,1
9879,198,-90,50.33333206176758,-39.5,2,1
9981,199,-90.5,51.66666793823242,-39.33333206176758,2,1
9988,200,-90.5,51.66666793823242,-39.33333206176758,2,1
10016,201,-89.16666412353516,49.16666793823242,-41,2,1
10144,202,-89,50.5,-39.66666793823242,2,1
10161,203,-89,50.5,-39.66666793823242,2,1
10169,204,-89.16666412353516,50,-39.83333206176758,2,1
10238,205,-92,50.66666793823242,-40.66666793823242,2,1
10307,206,-90.16666412353516,50.5,-40,2,1
10329,207,-90.16666412353516,50.5,-40,2,1
10374,208,-90,50.33333206176758,-42.16666793823242,2,1
10422,209,-90.5,52.16666793823242,-40.83333206176758,2,1
10527,210,-91,50.16666793823242,-41.5,2,1
10598,211,-89.5,50,-42.16666793823242,2,1
10636,212,-89.5,50,-42.16666793823242,2,1
10688,213,-90.16666412353516,48.5,-41.16666793823242,2,1
10704,214,-91,52.5,-40.33333206176758,2,1
10759,215,-89.16666412353516,51.5,-41.83333206176758,2,1
10808,216,-91.33333587646484,51,-40,2,1
10902,217,-90,50.33333206176758,-39,2,1
10964,218,-90.5,50.5,-40.83333206176758,2,1
11022,219,-90.5,50.16666793823242,-40.33333206176758,2,1
11044,220,-90.33333587646484,50.33333206176758,-39.5,2,1
11108,221,-89,50.5,-40.83333206176758,2,1
11231,222,-91.33333587646484,51,-40.83333206176758,2,1
11475,223,-91.16666412353516,51.16666793823242,-41,2,1
11680,224,-92.5,47.66666793823242,-40.33333206176758,2,1
11816,225,-93.33333587646484,48.5,-40.83333206176758,2,1
11844,226,-93.33333587646484,46.5,-42.33333206176758,2,1
11883,227,-92.33333587646484,48.66666793823242,-41.33333206176758,2,1
11920,228,-92.83333587646484,49.5,-42.16666793823242,2,1
11942,229,-92.83333587646484,49.5,-42.16666793823242,2,1
11986,230,-93.33333587646484,47.33333206176758,-42.66666793823242,2,1
12035,231,-93,48.5,-42.33333206176758,2,1
12070,232,-94.33333587646484,48,-42.5,2,1
12098,233,-94.33333587646484,48,-42.5,2,1
12116,234,-93,48.5,-41.5,2,1
12125,235,-93,48.5,-41.5,2,1
12139,236,-93,48.5,-41.5,2,1
12161,237,-91.16666412353516,49.5,-86.33333587646484,2,1
12175,238,-91.16666412353516,49.5,-86.33333587646484,2,1
12184,239,-91.16666412353516,49.5,-86.33333587646484,2,1
12201,240,-92.16666412353516,51,-41.5,2,1
12220,241,-92.16666412353516,51,-41.5,2,1
12232,242,-92.16666412353516,51,-41.5,2,1
12241,243,-92.16666412353516,51,-41.5,2,1
12256,244,-90.83333587646484,48.33333206176758,-41.33333206176758,2,1
12268,245,-90.83333587646484,48.33333206176758,-41.33333206176758,2,1
12278,246,-90.83333587646484,48.33333206176758,-41.33333206176758,2,1
12301,247,-93,51.33333206176758,-40,2,1
12351,248,-91.83333587646484,51,-42,2,1
12447,249,-93.16666412353516,48.66666793823242,-41.33333206176758,2,1
12473,250,-91.5,49.5,-40.66666793823242,2,1
12558,251,-92,49.16666793823242,-41.33333206176758,2,1
12991,252,-91,49.66666793823242,-40.83333206176758,2,1
13134,253,-92.33333587646484,49.16666793823242,-41.33333206176758,2,1
13162,254,-92.33333587646484,49.16666793823242,-41.33333206176758,2,1
13200,255,-91.5,50,-40.16666793823242,2,1
13240,256,-91.33333587646484,51.33333206176758,-42.66666793823242,2,1
13256,257,-91.33333587646484,51.33333206176758,-42.66666793823242,2,1
13296,258,-91.16666412353516,49.5,-42.5,2,1
13316,259,-91.16666412353516,49.5,-42.5,2,1
13361,260,-91.33333587646484,49.33333206176758,-39.33333206176758,2,1
13446,261,-91.83333587646484,50.5,-40.33333206176758,2,1
13509,262,-92.33333587646484,47.5,-41,2,1
13538,263,-90.83333587646484,50.33333206176758,-40.66666793823242,2,1
13632,264,-90.33333587646484,48.66666793823242,-41.83333206176758,2,1
13679,265,-91.33333587646484,50.16666793823242,-40.83333206176758,2,1
13713,266,-91.33333587646484,50.16666793823242,-40.83333206176758,2,1
13765,267,-90.83333587646484,51.5,-41.83333206176758,2,1
13851,268,-92,49.5,-41.33333206176758,2,1
13904,269,-90.83333587646484,48.33333206176758,-40.66666793823242,2,1
13933,270,-91.83333587646484,49.66666793823242,-40.83333206176758,2,1
13959,271,-91.5,49.16666793823242,-39.5,2,1
13979,272,-91.5,49.16666793823242,-39.5,2,1
14010,273,-92.16666412353516,49.33333206176758,-41.16666793823242,2,1
14034,274,-92.16666412353516,49.33333206176758,-41.16666793823242,2,1
14081,275,-92.16666412353516,48.16666793823242,-42.33333206176758,2,1
14123,276,-91.83333587646484,49.33333206176758,-41.16666793823242,2,1
14157,277,-92,48.66666793823242,-41,2,1
14180,278,-92,48.66666793823242,-41,2,1
14214,279,-90.83333587646484,49.16666793823242,-40.66666793823242,2,1
14245,280,-90.83333587646484,49.16666793823242,-40.66666793823242,2,1
14280,281,-91.5,48.33333206176758,-40.66666793823242,2,1
14347,282,-92.16666412353516,50.5,-40,2,1
14371,283,-92,48.66666793823242,-41,2,1
14442,284,-90.83333587646484,50,-41,2,1
14501,285,-90.83333587646484,48.66666793823242,-41,2,1
14530,286,-90.83333587646484,48.66666793823242,-41,2,1
14620,287,-91.5,51.16666793823242,-40.16666793823242,2,1
14657,288,-91.5,47.5,-41,2,1
14727,289,-91.5,47.5,-41,2,1
14765,290,-93.16666412353516,49.5,-41.33333206176758,2,1
14836,291,-91.16666412353516,48,-42.16666793823242,2,1
14909,292,-90.33333587646484,48.66666793823242,-41,2,1
14987,293,-90.16666412353516,50.16666793823242,-41.16666793823242,2,1
204,0,-1.37255859375,-3.2548828125,-0.377685546875,0,3
279,1,-0.841064453125,-0.400146484375,-0.005615234375,0,3
321,2,-0.853515625,-0.414794921875,0.0830078125,0,3
368,3,-0.853515625,-0.414794921875,0.0830078125,0,3
408,4,-0.8837890625,-0.1787109375,-0.0771484375,0,3
491,5,-0.8447265625,-0.341552734375,0.028076171875,0,3
534,6,-0.867919921875,-0.4228515625,0.036376953125,0,3
636,7,-1.0869140625,-0.63330078125,0.046142578125,0,3
649,8,-1.043212890625,-0.18359375,0.21533203125,0,3
678,9,-1.043212890625,-0.18359375,0.21533203125,0,3
704,10,-1.145751953125,0.197265625,0.390869140625,0,3
738,11,-1.145751953125,0.197265625,0.390869140625,0,3
822,12,-1.008544921875,-0.133544921875,0.09423828125,0,3
848,13,-0.92236328125,-0.20751953125,0.193115234375,0,3
865,14,-0.92236328125,-0.20751953125,0.193115234375,0,3
879,15,-0.92236328125,-0.20751953125,0.193115234375,0,3
891,16,-0.866943359375,-0.099365234375,0.19189453125,0,3
909,17,-0.866943359375,-0.099365234375,0.19189453125,0,3
939,18,-0.846435546875,-0.20703125,0.158447265625,0,3
986,19,-0.787353515625,-0.3857421875,0.335205078125,0,3
1050,20,-0.818603515625,-0.68115234375,0.21533203125,0,3
1106,21,-0.732177734375,-0.6435546875,0.046142578125,0,3
1151,22,-0.86328125,-0.412353515625,-0.12890625,0,3
1186,23,-1.092041015625,-0.48095703125,0.00048828125,0,3
1265,24,-1.081787109375,-0.606201171875,-0.04833984375,0,3
1421,25,-0.95458984375,-0.10107421875,0.05615234375,0,3
1452,26,-0.931884765625,-0.0283203125,-0.078125,0,3
1584,27,-1.208984375,-0.267333984375,-0.0244140625,0,3
1698,28,-0.781494140625,-0.52685546875,0.30517578125,0,3
1744,29,-0.72998046875,-0.298583984375,0.057861328125,0,3
1776,30,-0.877197265625,-0.162353515625,0.041015625,0,3
1802,31,-0.877197265625,-0.162353515625,0.041015625,0,3
1859,32,-0.96337890625,-0.325927734375,0.114013671875,0,3
1895,33,-0.922607421875,-0.286865234375,0.17138671875,0,3
1902,34,-0.922607421875,-0.286865234375,0.17138671875,0,3
1923,35,-1.021240234375,-0.20556640625,0.184814453125,0,3
1994,36,-1.021240234375,-0.20556640625,0.184814453125,0,3
2074,37,-0.909423828125,-0.334716796875,0.274658203125,0,3
2131,38,-0.856689453125,-0.357421875,0.295654296875,0,3
2335,39,-0.186279296875,-0.170654296875,0.227783203125,0,3
2404,40,0.42431640625,-0.160888671875,0.091064453125,0,3
2512,41,-0.75341796875,-0.836669921875,-2.38623046875,0,3
2536,42,-0.75341796875,-0.836669921875,-2.38623046875,0,3
2557,43,-0.75341796875,-0.836669921875,-2.38623046875,0,3
2569,44,-0.75341796875,-0.836669921875,-2.38623046875,0,3
2591,45,-1.102294921875,-8,-5.883544921875,0,3
2617,46,-1.102294921875,-8,-5.883544921875,0,3
2635,47,-1.102294921875,-8,-5.883544921875,0,3
2655,48,2.690673828125,-2.197265625,0.064697265625,0,3
2677,49,2.690673828125,-2.197265625,0.064697265625,0,3
2707,50,0.39013671875,0.654052734375,-0.051025390625,0,3
2774,51,0.955078125,-0.772705078125,-0.839111328125,0,3
2835,52,-0.63525390625,0.60693359375,-0.67138671875,0,3
2857,53,-0.63525390625,0.60693359375,-0.67138671875,0,3
2871,54,-0.63525390625,0.60693359375,-0.67138671875,0,3
2883,55,-0.63525390625,0.60693359375,-0.67138671875,0,3
2898,56,-0.63525390625,0.60693359375,-0.67138671875,0,3
2938,57,-0.17578125,2.575439453125,2.013427734375,0,3
2943,58,-0.17578125,2.575439453125,2.013427734375,0,3
2986,59,-0.53515625,0.046875,0.227783203125,0,3
3038,60,-0.473388671875,0.416015625,-0.033203125,0,3
3114,61,-0.37939453125,0.69921875,0.035400390625,0,3
3143,62,-0.11279296875,1.4482421875,-0.0283203125,0,3
3180,63,-0.133056640625,1.61572265625,0.171142578125,0,3
3234,64,0.51513671875,1.65380859375,0.3310546875,0,3
3289,65,0.026123046875,0.73681640625,0.07568359375,0,3
3376,66,0.250732421875,0.780517578125,0.362060546875,0,3
3489,67,0.19580078125,1.129638671875,0.022705078125,0,3
3576,68,-0.096923828125,0.8046875,-0.554931640625,0,3
3684,69,-0.01513671875,1.14208984375,-0.419677734375,0,3
3862,70,0.05224609375,1.068603515625,0.116455078125,0,3
3998,71,-0.043701171875,0.98291015625,-0.4140625,0,3
4113,72,0.133056640625,0.9580078125,0.37890625,0,3
4160,73,0.023193359375,1.147705078125,0.37646484375,0,3
4201,74,-0.13330078125,0.978515625,0.004638671875,0,3
4242,75,-0.13330078125,0.978515625,0.004638671875,0,3
4356,76,0.04443359375,1.02294921875,-0.061279296875,0,3
4411,77,-0.016845703125,0.918212890625,-0.0732421875,0,3
4428,78,-0.016845703125,0.918212890625,-0.0732421875,0,3
4503,79,0.0048828125,0.91015625,0.0771484375,0,3
4603,80,0.06640625,1.00146484375,0.017822265625,0,3
4704,81,-0.010009765625,1.0048828125,-0.034423828125,0,3
4744,82,-0.014892578125,1.001953125,0.001220703125,0,3
4768,83,-0.014892578125,1.001953125,0.001220703125,0,3
4795,84,-0.02001953125,0.9248046875,0.01318359375,0,3
4818,85,-0.02001953125,0.9248046875,0.01318359375,0,3
4839,86,-0.01611328125,0.93408203125,0.01123046875,0,3
4869,87,-0.01611328125,0.93408203125,0.01123046875,0,3
4889,88,-0.012451171875,0.931884765625,-0.076171875,0,3
4903,89,-0.012451171875,0.931884765625,-0.076171875,0,3
4938,90,-0.0126953125,1.00439453125,-0.085693359375,0,3
4954,91,-0.0126953125,1.00439453125,-0.085693359375,0,3
4973,92,-0.0126953125,1.00439453125,-0.085693359375,0,3
4997,93,-0.0166015625,0.9306640625,-0.08349609375,0,3
5045,94,-0.013427734375,1.000244140625,-0.068359375,0,3
5135,95,-0.01904296875,0.9365234375,-0.083984375,0,3
5168,96,-0.01904296875,0.9365234375,-0.083984375,0,3
5250,97,-0.013427734375,0.93359375,-0.075439453125,0,3
5306,98,-0.00390625,0.936279296875,-0.0341796875,0,3
5332,99,-0.01513671875,0.92529296875,-0.0732421875,0,3
5375,100,-0.021240234375,0.932373046875,-0.08837890625,0,3
5427,101,-0.014404296875,1.002197265625,-0.031494140625,0,3
5441,102,-0.014404296875,1.002197265625,-0.031494140625,0,3
5476,103,-0.01904296875,0.9248046875,-0.079345703125,0,3
5551,104,-0.0068359375,0.93212890625,-0.067626953125,0,3
5632,105,-0.00927734375,0.933349609375,-0.08544921875,0,3
5703,106,-0.01708984375,0.937255859375,-0.0732421875,0,3
5741,107,-0.009033203125,0.933837890625,-0.07421875,0,3
5812,108,-0.012451171875,1.00341796875,-0.087158203125,0,3
5846,109,-0.012451171875,1.00341796875,-0.087158203125,0,3
5862,110,-0.015625,0.934326171875,-0.0791015625,0,3
5940,111,-0.014404296875,0.927978515625,-0.083740234375,0,3
5963,112,-0.014404296875,0.927978515625,-0.083740234375,0,3
6042,113,-0.01416015625,0.929931640625,-0.08154296875,0,3
6070,114,-0.017822265625,0.92822265625,-0.07080078125,0,3
6135,115,-0.012451171875,1.000244140625,-0.087158203125,0,3
6145,116,-0.012451171875,1.000244140625,-0.087158203125,0,3
6169,117,-0.010986328125,0.93310546875,-0.075439453125,0,3
6194,118,-0.010986328125,0.93310546875,-0.075439453125,0,3
6229,119,-0.015625,0.931640625,-0.081298828125,0,3
6235,120,-0.015625,0.931640625,-0.081298828125,0,3
6247,121,-0.0107421875,0.931884765625,-0.0771484375,0,3
6271,122,-0.0107421875,0.931884765625,-0.0771484375,0,3
6287,123,-0.0107421875,0.931884765625,-0.0771484375,0,3
6331,124,-0.013916015625,0.935546875,-0.07568359375,0,3
6357,125,-0.013671875,0.934814453125,-0.07958984375,0,3
6395,126,-0.012939453125,0.933837890625,-0.084716796875,0,3
6431,127,-0.012939453125,0.933837890625,-0.084716796875,0,3
6452,128,-0.012939453125,0.933837890625,-0.084716796875,0,3
6549,129,-0.00927734375,0.935546875,-0.078369140625,0,3
6708,130,-0.0146484375,0.9365234375,-0.07666015625,0,3
6959,131,-0.013427734375,0.9345703125,-0.082763671875,0,3
7069,132,-0.00830078125,0.9287109375,-0.071044921875,0,3
7104,133,-0.01416015625,0.93408203125,-0.08203125,0,3
7138,134,-0.00927734375,0.936279296875,-0.084716796875,0,3
7157,135,-0.00927734375,0.936279296875,-0.084716796875,0,3
7176,136,-0.013916015625,0.936279296875,-0.07421875,0,3
7202,137,-0.013916015625,0.936279296875,-0.07421875,0,3
7215,138,-0.013916015625,0.936279296875,-0.07421875,0,3
7228,139,-0.017578125,0.934814453125,-0.08251953125,0,3
7255,140,-0.017578125,0.934814453125,-0.08251953125,0,3
7279,141,-0.01318359375,0.935791015625,-0.08251953125,0,3
7285,142,-0.01318359375,0.935791015625,-0.08251953125,0,3
7312,143,-0.01318359375,0.935791015625,-0.08251953125,0,3
7329,144,-0.0078125,0.93212890625,-0.08056640625,0,3
7345,145,-0.0078125,0.93212890625,-0.08056640625,0,3
7359,146,-0.0078125,0.93212890625,-0.08056640625,0,3
7376,147,-0.013671875,0.93115234375,-0.08154296875,0,3
7422,148,-0.00732421875,1.00048828125,-0.08154296875,0,3
7573,149,-0.01025390625,0.93701171875,-0.0732421875,0,3
7583,150,-0.01025390625,0.93701171875,-0.0732421875,0,3
7673,151,-0.012939453125,0.929443359375,-0.072509765625,0,3
7717,152,-0.012451171875,0.933837890625,-0.069580078125,0,3
7752,153,-0.012451171875,0.933837890625,-0.069580078125,0,3
7790,154,-0.01123046875,1.005615234375,-0.076171875,0,3
7834,155,-0.0107421875,0.93310546875,-0.088134765625,0,3
7934,156,-0.012939453125,1.002197265625,-0.0859375,0,3
7984,157,-0.012939453125,1.002197265625,-0.0859375,0,3
8009,158,-0.019775390625,0.934326171875,-0.076416015625,0,3
8091,159,-0.006103515625,0.927978515625,-0.079833984375,0,3
8098,160,-0.005615234375,1.006591796875,-0.078857421875,0,3
8113,161,-0.005615234375,1.006591796875,-0.078857421875,0,3
8138,162,-0.005615234375,1.006591796875,-0.078857421875,0,3
8194,163,-0.01416015625,0.93017578125,-0.080078125,0,3
8233,164,-0.007080078125,0.933837890625,-0.076416015625,0,3
8346,165,-0.014404296875,0.933349609375,-0.078125,0,3
8416,166,-0.014404296875,0.933349609375,-0.078125,0,3
8437,167,-0.014404296875,0.933349609375,-0.078125,0,3
8495,168,-0.006103515625,0.93212890625,-0.0732421875,0,3
8521,169,-0.006103515625,0.93212890625,-0.0732421875,0,3
8550,170,-0.0126953125,0.934814453125,-0.073974609375,0,3
8595,171,-0.009765625,0.931396484375,-0.073974609375,0,3
8642,172,-0.014404296875,0.93310546875,-0.087646484375,0,3
8742,173,-0.009033203125,1.00732421875,-0.082275390625,0,3
8802,174,-0.016845703125,0.92822265625,-0.075439453125,0,3
8816,175,-0.016845703125,0.92822265625,-0.075439453125,0,3
8873,176,-0.008056640625,0.92724609375,-0.072265625,0,3
8995,177,-0.0078125,0.931396484375,-0.073974609375,0,3
9006,178,-0.0078125,0.931396484375,-0.073974609375,0,3
9035,179,-0.008056640625,0.9326171875,-0.081298828125,0,3
9054,180,-0.008056640625,0.9326171875,-0.081298828125,0,3
9078,181,-0.0146484375,0.9287109375,-0.0771484375,0,3
9130,182,-0.0107421875,0.9326171875,-0.0771484375,0,3
9197,183,-0.009521484375,0.930419921875,-0.08203125,0,3
9224,184,-0.017578125,0.93701171875,-0.08544921875,0,3
9284,185,-0.01416015625,0.93408203125,-0.06494140625,0,3
9352,186,-0.00732421875,0.93603515625,-0.091796875,0,3
9434,187,-0.012451171875,0.92822265625,-0.064208984375,0,3
9489,188,-0.00439453125,0.934326171875,-0.0732421875,0,3
9519,189,-0.00439453125,0.934326171875,-0.0732421875,0,3
9598,190,-0.015380859375,0.935546875,-0.0791015625,0,3
9618,191,-0.008056640625,0.93310546875,-0.07421875,0,3
9667,192,-0.01611328125,0.936767578125,-0.084716796875,0,3
9685,193,-0.01611328125,0.936767578125,-0.084716796875,0,3
9762,194,-0.00732421875,0.929443359375,-0.081298828125,0,3
9836,195,-0.012451171875,0.934326171875,-0.08251953125,0,3
9843,196,-0.012451171875,0.934326171875,-0.08251953125,0,3
9867,197,-0.013916015625,0.931640625,-0.079833984375,0,3
9928,198,-0.01318359375,0.93359375,-0.08544921875,0,3
9969,199,-0.009765625,0.93212890625,-0.072265625,0,3
10006,200,-0.009033203125,0.934326171875,-0.079833984375,0,3
10052,201,-0.0146484375,1.001953125,-0.08056640625,0,3
10266,202,-0.010498046875,0.931396484375,-0.07470703125,0,3
10279,203,-0.010498046875,0.931396484375,-0.07470703125,0,3
10292,204,-0.010498046875,0.931396484375,-0.07470703125,0,3
10310,205,-0.010498046875,0.931396484375,-0.07470703125,0,3
10352,206,-0.015380859375,0.934326171875,-0.078125,0,3
10360,207,-0.015380859375,0.934326171875,-0.078125,0,3
10465,208,-0.01220703125,0.933837890625,-0.07861328125,0,3
10560,209,-0.007080078125,0.935791015625,-0.081298828125,0,3
10615,210,-0.00537109375,0.934814453125,-0.0673828125,0,3
10652,211,-0.006591796875,0.929443359375,-0.074462890625,0,3
10675,212,-0.006591796875,0.929443359375,-0.074462890625,0,3
10691,213,-0.01123046875,0.93408203125,-0.075439453125,0,3
10745,214,-0.013671875,0.9365234375,-0.06494140625,0,3
10790,215,-0.003173828125,0.925048828125,-0.073974609375,0,3
10854,216,-0.011474609375,1.000732421875,-0.088134765625,0,3
10931,217,-0.012451171875,0.923583984375,-0.072998046875,0,3
10998,218,-0.009033203125,1.001220703125,-0.08251953125,0,3
11033,219,-0.010498046875,1,-0.0830078125,0,3
11059,220,-0.010498046875,1,-0.0830078125,0,3
11157,221,-0.01123046875,0.9326171875,-0.076904296875,0,3
11336,222,-0.012939453125,0.927734375,-0.036865234375,0,3
11568,223,-0.014404296875,0.934814453125,-0.050537109375,0,3
11825,224,-0.0146484375,0.78369140625,0.24560546875,0,3
11833,225,-0.0146484375,0.78369140625,0.24560546875,0,3
11861,226,-0.0126953125,0.756591796875,0.484375,0,3
11898,227,-0.0126953125,0.756591796875,0.484375,0,3
11961,228,0.01806640625,0.270263671875,0.7958984375,0,3
11972,229,0.01806640625,0.270263671875,0.7958984375,0,3
12002,230,0.01806640625,0.270263671875,0.7958984375,0,3
12056,231,0.14208984375,0.79296875,0.65771484375,0,3
12087,232,0.14208984375,0.79296875,0.65771484375,0,3
12106,233,0.06787109375,0.74169921875,0.70263671875,0,3
12131,234,0.06787109375,0.74169921875,0.70263671875,0,3
12141,235,0.06787109375,0.74169921875,0.70263671875,0,3
12152,236,0.022216796875,0.752685546875,0.530029296875,0,3
12168,237,0.022216796875,0.752685546875,0.530029296875,0,3
12192,238,0.022216796875,0.752685546875,0.530029296875,0,3
12203,239,-0.085693359375,0.896484375,0.157958984375,0,3
12213,240,-0.085693359375,0.896484375,0.157958984375,0,3
12225,241,-0.085693359375,0.896484375,0.157958984375,0,3
12234,242,-0.085693359375,0.896484375,0.157958984375,0,3
12247,243,-0.021484375,1.154296875,-0.198974609375,0,3
12262,244,-0.021484375,1.154296875,-0.198974609375,0,3
12272,245,-0.021484375,1.154296875,-0.198974609375,0,3
12292,246,0.067138671875,1.013427734375,-0.33740234375,0,3
12416,247,-0.000732421875,0.913330078125,-0.2802734375,0,3
12457,248,0.0146484375,0.927490234375,-0.11376953125,0,3
12501,249,0.021728515625,0.98291015625,-0.016357421875,0,3
12877,250,-0.00390625,0.9345703125,0.0654296875,0,3
12946,251,-0.0146484375,1.007080078125,-0.002197265625,0,3
13107,252,-0.007080078125,0.934326171875,0.068359375,0,3
13144,253,-0.012451171875,1.001953125,-0.00341796875,0,3
13178,254,-0.0107421875,1.00439453125,0.064453125,0,3
13222,255,-0.006103515625,0.9365234375,-0.003662109375,0,3
13244,256,-0.006103515625,0.9365234375,-0.003662109375,0,3
13282,257,-0.009765625,1.009521484375,0.064208984375,0,3
13335,258,-0.0126953125,0.93505859375,0.065673828125,0,3
13345,259,-0.0126953125,0.93505859375,0.065673828125,0,3
13377,260,-0.0087890625,1.00244140625,-0.001220703125,0,3
13478,261,-0.00927734375,0.93505859375,0.0654296875,0,3
13522,262,-0.008544921875,1.00634765625,-0.007080078125,0,3
13572,263,-0.012451171875,0.936767578125,-0.00634765625,0,3
13653,264,-0.00830078125,0.936767578125,-0.002197265625,0,3
13693,265,-0.010986328125,0.93701171875,-0.003662109375,0,3
13732,266,-0.010986328125,1.00341796875,-0.00244140625,0,3
13814,267,-0.009033203125,1.004150390625,-0.005126953125,0,3
13879,268,-0.007568359375,0.931640625,-0.00634765625,0,3
13920,269,-0.00732421875,1.007568359375,-0.006103515625,0,3
13946,270,-0.00732421875,1.007568359375,-0.006103515625,0,3
13969,271,-0.014892578125,1.002685546875,-0.002685546875,0,3
13997,272,-0.011474609375,1.00048828125,-0.00732421875,0,3
14022,273,-0.011474609375,1.00048828125,-0.00732421875,0,3
14049,274,-0.0048828125,1.003173828125,-0.019287109375,0,3
14106,275,-0.0048828125,1.003173828125,-0.019287109375,0,3
14144,276,-0.0048828125,1.003173828125,-0.019287109375,0,3
14168,277,-0.0078125,1.002197265625,-0.007080078125,0,3
14195,278,-0.01171875,0.937255859375,-0.015625,0,3
14229,279,-0.01171875,0.937255859375,-0.015625,0,3
14250,280,-0.007080078125,1,-0.003173828125,0,3
14321,281,-0.007080078125,1,-0.003173828125,0,3
14381,282,-0.009765625,0.935546875,-0.0087890625,0,3
14387,283,-0.006103515625,1.004150390625,-0.014892578125,0,3
14476,284,-0.012939453125,0.936767578125,-0.015380859375,0,3
14514,285,-0.02294921875,1.002197265625,-0.005615234375,0,3
14638,286,-0.01318359375,1.0087890625,-0.000732421875,0,3
14704,287,-0.020263671875,0.935302734375,-0,0,3
14748,288,-0.009033203125,1.001708984375,0.064208984375,0,3
14783,289,-0.011474609375,1.00146484375,-0.000244140625,0,3
14810,290,-0.011474609375,1.00146484375,-0.000244140625,0,3
14865,291,-0.013427734375,1.001220703125,-0.005859375,0,3
14967,292,-0.010986328125,1.008544921875,0.062744140625,0,3
218,1,253.9921875,10.8671875,241.90625,1,3
282,2,-150.2109375,10.359375,7.8125,1,3
326,3,-174.671875,71.4140625,6.40625,1,3
370,4,-174.671875,71.4140625,6.40625,1,3
416,5,-60.96875,-1.5390625,5.171875,1,3
497,6,24.25,4.46875,3.7734375,1,3
540,7,-2.3359375,51.9453125,1.1953125,1,3
641,8,-194.3984375,91.3828125,-2.0078125,1,3
652,9,-256,101.359375,21.1171875,1,3
680,10,-256,101.359375,21.1171875,1,3
707,11,-256,46.609375,44.25,1,3
741,12,-256,46.609375,44.25,1,3
825,13,134.7265625,-8.703125,-1.6796875,1,3
850,14,103.796875,-45.84375,4.890625,1,3
866,15,103.796875,-45.84375,4.890625,1,3
881,16,103.796875,-45.84375,4.890625,1,3
893,17,130.109375,-60.2578125,21.8046875,1,3
911,18,130.109375,-60.2578125,21.8046875,1,3
941,19,198.1015625,-53.8515625,23.1953125,1,3
989,20,253.9921875,-43.9375,12.8125,1,3
1056,21,253.9921875,-36.03125,-10.6953125,1,3
1112,22,109.953125,-42.484375,-40.71875,1,3
1155,23,-25.5703125,-57.375,-80.1796875,1,3
1190,24,-92.75,-21.140625,-144.828125,1,3
1280,25,-118.859375,53.9609375,-145.5703125,1,3
1434,26,-132.5234375,44.7421875,30.8515625,1,3
1463,27,69.1796875,21.0546875,52.1875,1,3
1598,28,80.875,-29.3828125,75.8203125,1,3
1703,29,43.625,20.890625,-1.984375,1,3
1748,30,-155.6328125,29.75,-36.546875,1,3
1780,31,-137.65625,-23.875,-46.3125,1,3
1807,32,-137.65625,-23.875,-46.3125,1,3
1864,33,-103.1171875,-17.3359375,-68.1171875,1,3
1897,34,-135.53125,17.9765625,-67.265625,1,3
1904,35,-135.53125,17.9765625,-67.265625,1,3
1935,36,-60.6328125,32.796875,-34.5234375,1,3
2003,37,-60.6328125,32.796875,-34.5234375,1,3
2090,38,72.1875,-15.2265625,169.1875,1,3
2136,39,49.5234375,10.0546875,178.4375,1,3
2366,40,-105.1640625,-74.2421875,218.3515625,1,3
2416,41,-237.2265625,-142.203125,221.25,1,3
2515,42,253.9921875,-212.125,6.5078125,1,3
2538,43,253.9921875,-212.125,6.5078125,1,3
2559,44,253.9921875,-212.125,6.5078125,1,3
2571,45,253.9921875,-212.125,6.5078125,1,3
2595,46,253.9921875,-256,53.6796875,1,3
2619,47,253.9921875,-256,53.6796875,1,3
2638,48,253.9921875,-256,53.6796875,1,3
2657,49,70.328125,253.9921875,253.9921875,1,3
2679,50,70.328125,253.9921875,253.9921875,1,3
2709,51,253.9921875,-140.5390625,180.390625,1,3
2784,52,253.9921875,-128.8671875,240.375,1,3
2839,53,235.046875,133.5078125,241.3125,1,3
2859,54,235.046875,133.5078125,241.3125,1,3
2873,55,235.046875,133.5078125,241.3125,1,3
2884,56,235.046875,133.5078125,241.3125,1,3
2900,57,235.046875,133.5078125,241.3125,1,3
2940,58,253.9921875,53.3984375,-131.6484375,1,3
2944,59,253.9921875,53.3984375,-131.6484375,1,3
2988,60,-80.515625,101.9375,11.6484375,1,3
3047,61,-256,24.1171875,68.5859375,1,3
3118,62,-180.0703125,-2.1484375,7.890625,1,3
3146,63,69.640625,60.609375,-126.0546875,1,3
3183,64,65.1484375,87.8046875,-22.9140625,1,3
3237,65,-8.03125,111,43.9375,1,3
3294,66,99.2734375,88.0859375,47.1796875,1,3
3390,67,-121.0703125,-12.25,-4.5625,1,3
3502,68,-165.8203125,40.546875,-35.8046875,1,3
3585,69,-140.671875,-52.9921875,0.1640625,1,3
3693,70,253.9921875,-68.6875,-7.515625,1,3
3874,71,-141.234375,18.5625,-39.9765625,1,3
4021,72,112.640625,-65.3203125,16.3203125,1,3
4123,73,-42.5234375,46.734375,-0.28125,1,3
4164,74,2.953125,38.65625,-25.8984375,1,3
4207,75,-71.3203125,40.109375,-34.3203125,1,3
4255,76,-71.3203125,40.109375,-34.3203125,1,3
4363,77,21.7421875,-11.5390625,0.828125,1,3
4415,78,51.140625,9.5234375,0.4140625,1,3
4430,79,51.140625,9.5234375,0.4140625,1,3
4508,80,27.5,5.546875,-1.8984375,1,3
4613,81,-19.2265625,-2.4453125,-1.140625,1,3
4709,82,-4.1484375,0.640625,-2.2578125,1,3
4747,83,-0.0390625,-0.4921875,-2.171875,1,3
4771,84,-0.0390625,-0.4921875,-2.171875,1,3
4798,85,-2.171875,0.8984375,0.6015625,1,3
4820,86,-2.171875,0.8984375,0.6015625,1,3
4844,87,-8.015625,2.8515625,-1.3671875,1,3
4871,88,-8.015625,2.8515625,-1.3671875,1,3
4892,89,-11,0.8046875,-2.765625,1,3
4905,90,-11,0.8046875,-2.765625,1,3
4940,91,-5.3984375,0.65625,-2.5234375,1,3
4955,92,-5.3984375,0.65625,-2.5234375,1,3
4975,93,-5.3984375,0.65625,-2.5234375,1,3
5003,94,-1.2890625,-0.265625,0.03125,1,3
5069,95,-1.4140625,-0.078125,-2.390625,1,3
5140,96,-10.46875,0.2890625,-2.65625,1,3
5174,97,-10.46875,0.2890625,-2.65625,1,3
5258,98,-1.5703125,2.828125,-1.9609375,1,3
5311,99,-6.03125,-2.7890625,-2.109375,1,3
5335,100,0.5078125,4.0078125,0.015625,1,3
5378,101,-5.1171875,-2.03125,-2.421875,1,3
5431,102,-1.84375,-2.2109375,-2.8671875,1,3
5444,103,-1.84375,-2.2109375,-2.8671875,1,3
5480,104,1.171875,-0.53125,-1.21875,1,3
5555,105,0.4453125,-0.6171875,-1.2265625,1,3
5642,106,-4.8984375,-0.8828125,-2.3046875,1,3
5711,107,-2.828125,-0.9921875,-2.6484375,1,3
5745,108,-4.421875,-0.4765625,-2.6953125,1,3
5816,109,-6.328125,-0.65625,-2.84375,1,3
5848,110,-6.328125,-0.65625,-2.84375,1,3
5864,111,-4.484375,-0.4453125,-2.8203125,1,3
5951,112,-3.4453125,-0.6640625,-1.328125,1,3
5968,113,-3.4453125,-0.6640625,-1.328125,1,3
6047,114,0.875,-0.75,-2.53125,1,3
6075,115,-1.9765625,0.9296875,-1.09375,1,3
6139,116,-4.2265625,0.6796875,-2.6171875,1,3
6147,117,-4.2265625,0.6796875,-2.6171875,1,3
6173,118,-2.2421875,-0.765625,-2.6796875,1,3
6196,119,-2.2421875,-0.765625,-2.6796875,1,3
6230,120,-1.84375,0.8984375,-2.3828125,1,3
6237,121,-1.84375,0.8984375,-2.3828125,1,3
6249,122,-1.9765625,0.8828125,-2.6328125,1,3
6273,123,-1.9765625,0.8828125,-2.6328125,1,3
6289,124,-1.9765625,0.8828125,-2.6328125,1,3
6335,125,-4.6484375,-0.7265625,-2.6796875,1,3
6362,126,-3.1640625,-0.4609375,-1.3671875,1,3
6401,127,-3.578125,-0.4375,-2.953125,1,3
6435,128,-3.578125,-0.4375,-2.953125,1,3
6454,129,-3.578125,-0.4375,-2.953125,1,3
6561,130,-4.1015625,-0.796875,-2.875,1,3
6739,131,-2.1015625,-0.4609375,-2.9296875,1,3
6985,132,-3.4296875,-0.96875,-2.6875,1,3
7073,133,-3.2421875,0.6953125,-2.6953125,1,3
7108,134,-3.234375,-0.328125,-1.0078125,1,3
7142,135,-4.734375,-0.6796875,-2.859375,1,3
7159,136,-4.734375,-0.6796875,-2.859375,1,3
7180,137,-1.921875,-0.3515625,-2.5546875,1,3
7204,138,-1.921875,-0.3515625,-2.5546875,1,3
7217,139,-1.921875,-0.3515625,-2.5546875,1,3
7231,140,-4.765625,-0.6953125,-2.90625,1,3
7256,141,-4.765625,-0.6953125,-2.90625,1,3
7281,142,-1.3984375,-1,-2.5078125,1,3
7286,143,-1.3984375,-1,-2.5078125,1,3
7314,144,-1.3984375,-1,-2.5078125,1,3
7331,145,-1.8515625,0.703125,-2.046875,1,3
7346,146,-1.8515625,0.703125,-2.046875,1,3
7360,147,-1.8515625,0.703125,-2.046875,1,3
7378,148,-2.609375,-0.4921875,-2.328125,1,3
7424,149,0.03125,0.8046875,-2.625,1,3
7576,150,-3.359375,0.984375,-2.03125,1,3
7585,151,-3.359375,0.984375,-2.03125,1,3
7678,152,-1.625,-0.890625,-1.421875,1,3
7722,153,-4.84375,-0.3125,-1.359375,1,3
7756,154,-4.84375,-0.3125,-1.359375,1,3
7793,155,-6.328125,-0.5859375,-2.3125,1,3
7843,156,-4.9765625,-0.75,-2.09375,1,3
7941,157,-1.9921875,0.9140625,-2.8125,1,3
7987,158,-1.9921875,0.9140625,-2.8125,1,3
8011,159,-2.796875,-0.4375,-2.609375,1,3
8093,160,-1.625,0.8984375,-1.140625,1,3
8100,161,-1.4453125,0.5859375,-2.4921875,1,3
8115,162,-1.4453125,0.5859375,-2.4921875,1,3
8149,163,-1.4453125,0.5859375,-2.4921875,1,3
8197,164,-1.7265625,-0.8359375,-2.84375,1,3
8252,165,-4.4296875,-0.421875,-2.7890625,1,3
8351,166,-4.1484375,-0.625,-2.515625,1,3
8419,167,-4.1484375,-0.625,-2.515625,1,3
8442,168,-4.1484375,-0.625,-2.515625,1,3
8497,169,-1.9453125,-0.546875,-2.453125,1,3
8524,170,-1.9453125,-0.546875,-2.453125,1,3
8553,171,-4.4140625,-0.4453125,-2.484375,1,3
8599,172,-4.546875,-0.671875,-2.5546875,1,3
8648,173,-4.65625,0.6953125,-2.5703125,1,3
8748,174,-4.96875,0.59375,-2.5546875,1,3
8804,175,-1.0859375,-0.34375,-2.46875,1,3
8818,176,-1.0859375,-0.34375,-2.46875,1,3
8879,177,-3.1171875,-0.53125,-2.875,1,3
9001,178,-3.375,-0.6640625,-2.8984375,1,3
9007,179,-3.375,-0.6640625,-2.8984375,1,3
9037,180,-4.796875,0.984375,-2.6875,1,3
9055,181,-4.796875,0.984375,-2.6875,1,3
9080,182,-1.9765625,-0.1328125,-2.953125,1,3
9132,183,-3.28125,-0.6875,-2.578125,1,3
9201,184,-4.984375,-0.84375,-2.375,1,3
9228,185,-1.0234375,-0.8203125,-2.5703125,1,3
9288,186,-1.203125,-0.6953125,-1.1875,1,3
9361,187,-3.7421875,0.1796875,-2.1015625,1,3
9448,188,-1.7109375,-0.609375,-2.78125,1,3
9493,189,-3.3359375,-0.546875,-2.6953125,1,3
9521,190,-3.3359375,-0.546875,-2.6953125,1,3
9607,191,-1.6484375,-0.734375,-2.75,1,3
9623,192,-4.4296875,-0.921875,-3,1,3
9669,193,-1.9765625,-0.9765625,-3,1,3
9692,194,-1.9765625,-0.9765625,-3,1,3
9765,195,-1.34375,-0.6015625,-1.125,1,3
9838,196,-3.0234375,-0.5,-2.6796875,1,3
9845,197,-3.0234375,-0.5,-2.6796875,1,3
9869,198,-1.5625,0.984375,-2.8046875,1,3
9934,199,-1.7421875,-0.8125,-2.6796875,1,3
9972,200,-2.28125,-0.46875,-1.2578125,1,3
10009,201,-4.28125,0.6875,-2.4296875,1,3
10054,202,-2.5,-0.8828125,-2.234375,1,3
10270,203,-4.6953125,-0.625,-2.8203125,1,3
10282,204,-4.6953125,-0.625,-2.8203125,1,3
10295,205,-4.6953125,-0.625,-2.8203125,1,3
10312,206,-4.6953125,-0.625,-2.8203125,1,3
10355,207,-1.5,-0.9921875,-2.84375,1,3
10362,208,-1.5,-0.9921875,-2.84375,1,3
10472,209,-4.0703125,0.9453125,-2.5703125,1,3
10567,210,-4.28125,-0.7578125,-2.5625,1,3
10619,211,-1.203125,-0.6953125,-2.640625,1,3
10654,212,-4.71875,0.703125,-2.515625,1,3
10677,213,-4.71875,0.703125,-2.515625,1,3
10694,214,-3.2890625,-0.1484375,-2.625,1,3
10747,215,-4.734375,-0.609375,-2.8984375,1,3
10794,216,-3.5390625,2.0078125,-1.0234375,1,3
10862,217,-6.453125,-0.7734375,-2.4140625,1,3
10937,218,-4.5234375,-0.703125,-2.5078125,1,3
11007,219,-4.796875,-0.859375,-2.453125,1,3
11035,220,-1.015625,-0.5859375,-2.078125,1,3
11064,221,-1.015625,-0.5859375,-2.078125,1,3
11167,222,-3.125,-0.3359375,-2.2578125,1,3
11355,223,-2.7109375,-2.5078125,-1.34375,1,3
11590,224,0.09375,-0.125,-1.546875,1,3
11828,225,220.734375,38.4609375,-5.5390625,1,3
11835,226,220.734375,38.4609375,-5.5390625,1,3
11866,227,159.4609375,-28.40625,37.8046875,1,3
11903,228,159.4609375,-28.40625,37.8046875,1,3
11965,229,21.171875,-125.15625,82.1015625,1,3
11974,230,21.171875,-125.15625,82.1015625,1,3
12007,231,21.171875,-125.15625,82.1015625,1,3
12059,232,-81.46875,-1.078125,12.9296875,1,3
12089,233,-81.46875,-1.078125,12.9296875,1,3
12108,234,-96.3125,31.0078125,-9.9609375,1,3
12133,235,-96.3125,31.0078125,-9.9609375,1,3
12143,236,-96.3125,31.0078125,-9.9609375,1,3
12154,237,-256,1.3828125,23.1484375,1,3
12169,238,-256,1.3828125,23.1484375,1,3
12194,239,-256,1.3828125,23.1484375,1,3
12205,240,-256,-15.8125,37.765625,1,3
12214,241,-256,-15.8125,37.765625,1,3
12227,242,-256,-15.8125,37.765625,1,3
12235,243,-256,-15.8125,37.765625,1,3
12249,244,-256,-25.9140625,21.8828125,1,3
12263,245,-256,-25.9140625,21.8828125,1,3
12273,246,-256,-25.9140625,21.8828125,1,3
12294,247,-71.265625,8.5390625,7.9765625,1,3
12427,248,148.4375,14.6796875,-23.484375,1,3
12459,249,163.84375,41.21875,-24.4296875,1,3
12505,250,47.84375,33.2265625,-8.5625,1,3
12889,251,-4.5390625,-0.703125,-2.40625,1,3
12949,252,-4.96875,-0.75,-2.828125,1,3
13112,253,-1.890625,-0.4453125,-2.875,1,3
13146,254,-4.6015625,0.953125,-2.6171875,1,3
13182,255,-4.09375,-0.78125,-2.71875,1,3
13228,256,-4.1328125,-0.234375,-2.65625,1,3
13246,257,-4.1328125,-0.234375,-2.65625,1,3
13285,258,-1.6875,-0.90625,-2.5703125,1,3
13338,259,-4.0234375,2.28125,-2.8125,1,3
13347,260,-4.0234375,2.28125,-2.8125,1,3
13382,261,-3.40625,-0.8125,-2.5234375,1,3
13483,262,-1.8359375,-0.25,-2.59375,1,3
13524,263,-3.0625,-0.6796875,-2.703125,1,3
13575,264,-1.875,-0.421875,-2.7421875,1,3
13659,265,-4.078125,-0.0703125,-2.6171875,1,3
13698,266,-3.78125,0.7890625,-2.3203125,1,3
13737,267,-4.828125,-0.4140625,-2.5625,1,3
13822,268,-4.9609375,-0.7109375,-2.421875,1,3
13884,269,-3.109375,-0.5859375,-2.7421875,1,3
13922,270,-3.2890625,-0.9140625,-2.40625,1,3
13947,271,-3.2890625,-0.9140625,-2.40625,1,3
13970,272,-4.4296875,-0.6171875,-2.328125,1,3
13999,273,-4.8984375,-0.7265625,-2.796875,1,3
14024,274,-4.8984375,-0.7265625,-2.796875,1,3
14061,275,-3.4609375,-0.875,-2.640625,1,3
14109,276,-3.4609375,-0.875,-2.640625,1,3
14146,277,-3.4609375,-0.875,-2.640625,1,3
14171,278,-4.3984375,-0.7109375,-2.90625,1,3
14199,279,-1.5390625,-0.6171875,-2.7421875,1,3
14231,280,-1.5390625,-0.6171875,-2.7421875,1,3
14257,281,-1.609375,-0.640625,-2.765625,1,3
14324,282,-1.609375,-0.640625,-2.765625,1,3
14383,283,-4.515625,-0.765625,-2.0859375,1,3
14403,284,-1.390625,-0.4453125,-2.4453125,1,3
14480,285,-2.6171875,0.734375,-2.2265625,1,3
14517,286,2.53125,-0.1640625,-2.3984375,1,3
14642,287,-4.6953125,-0.71875,-2.3046875,1,3
14708,288,-1.953125,-0.6953125,-2.625,1,3
14751,289,-4.625,-0.5234375,-2.390625,1,3
14788,290,-4.515625,-0.3828125,-2.8515625,1,3
14813,291,-4.515625,-0.3828125,-2.8515625,1,3
14870,292,-3.890625,-0.7734375,-2.28125,1,3
14970,293,-4.2421875,-0.6328125,-2.6796875,1,3
231,1,-0.5,-16.5,-164.1666717529297,2,3
284,2,50,-16.33333396911621,-158.6666717529297,2,3
331,3,44.83333206176758,-16.66666603088379,-161.6666717529297,2,3
373,4,44.83333206176758,-16.66666603088379,-161.6666717529297,2,3
423,5,-7,-21,-166.1666717529297,2,3
501,6,-11,-18.16666603088379,-168.5,2,3
545,7,-6.166666507720947,-20.5,-170,2,3
645,8,-7.333333492279053,20.83333396911621,-166.5,2,3
655,9,-12.3333330154419,21.16666603088379,-164.8333282470703,2,3
682,10,-12.3333330154419,21.16666603088379,-164.8333282470703,2,3
710,11,-19.66666603088379,16.33333396911621,-163.1666717529297,2,3
748,12,-19.66666603088379,16.33333396911621,-163.1666717529297,2,3
829,13,20,16.83333396911621,-154.1666717529297,2,3
852,14,20.83333396911621,16,-154.8333282470703,2,3
867,15,20.83333396911621,16,-154.8333282470703,2,3
883,16,20.83333396911621,16,-154.8333282470703,2,3
896,17,-19.16666603088379,17.83333396911621,-159,2,3
912,18,-19.16666603088379,17.83333396911621,-159,2,3
943,19,-18.83333396911621,16.66666603088379,-160.5,2,3
995,20,-13.8333330154419,16,-160.3333282470703,2,3
1061,21,-7,18,-161.5,2,3
1116,22,-2.166666746139526,18.83333396911621,-156.8333282470703,2,3
1158,23,44.5,20.16666603088379,-156.5,2,3
1194,24,-0.5,20.5,-159.1666717529297,2,3
1286,25,-2.666666746139526,20.66666603088379,-161.3333282470703,2,3
1442,26,19.83333396911621,20.66666603088379,-167.5,2,3
1475,27,16.33333396911621,18,-163.8333282470703,2,3
1613,28,-15.8333330154419,17.33333396911621,-161.5,2,3
1710,29,-11,16.83333396911621,-158.3333282470703,2,3
1750,30,-6.666666507720947,16.66666603088379,-156.3333282470703,2,3
1782,31,-13.16666698455811,16.66666603088379,-156.3333282470703,2,3
1811,32,-13.16666698455811,16.66666603088379,-156.3333282470703,2,3
1866,33,-16,17.83333396911621,-157.5,2,3
1900,34,-19,16,-160,2,3
1906,35,-19,16,-160,2,3
1944,36,19,16.66666603088379,-159.8333282470703,2,3
2011,37,19,16.66666603088379,-159.8333282470703,2,3
2103,38,-19.66666603088379,14.66666698455811,-157.5,2,3
2138,39,-12.5,16.83333396911621,-154.8333282470703,2,3
2386,40,56,17.83333396911621,-180.3333282470703,2,3
2444,41,61.33333206176758,-20.33333396911621,-178.8333282470703,2,3
2517,42,21.83333396911621,-4.666666507720947,-154,2,3
2540,43,21.83333396911621,-4.666666507720947,-154,2,3
2560,44,21.83333396911621,-4.666666507720947,-154,2,3
2572,45,21.83333396911621,-4.666666507720947,-154,2,3
2597,46,35.33333206176758,-1.166666626930237,-177,2,3
2621,47,35.33333206176758,-1.166666626930237,-177,2,3
2641,48,35.33333206176758,-1.166666626930237,-177,2,3
2660,49,90,-4,-148.3333282470703,2,3
2682,50,90,-4,-148.3333282470703,2,3
2711,51,92,52,-141.6666717529297,2,3
2791,52,86,56.83333206176758,-76.5,2,3
2841,53,49.83333206176758,58,-77.33333587646484,2,3
2861,54,49.83333206176758,58,-77.33333587646484,2,3
2876,55,49.83333206176758,58,-77.33333587646484,2,3
2886,56,49.83333206176758,58,-77.33333587646484,2,3
2901,57,49.83333206176758,58,-77.33333587646484,2,3
2942,58,-14,58.66666793823242,-109.3333358764648,2,3
2946,59,-14,58.66666793823242,-109.3333358764648,2,3
2991,60,-20,59.83333206176758,-121.6666641235352,2,3
3055,61,-20.5,61,-172.1666717529297,2,3
3120,62,-20,59.83333206176758,-125.1666641235352,2,3
3148,63,-18,58.16666793823242,-120.1666641235352,2,3
3184,64,-15.16666698455811,60.66666793823242,-117.8333358764648,2,3
3240,65,-14.66666698455811,62.5,-123.5,2,3
3298,66,-15,63.33333206176758,-125.3333358764648,2,3
3397,67,-16.33333396911621,63.16666793823242,-177.1666717529297,2,3
3508,68,-16.16666603088379,62.83333206176758,-171.1666717529297,2,3
3588,69,-12.16666698455811,63.66666793823242,-123.5,2,3
3706,70,-9.5,22,-114.3333358764648,2,3
3885,71,-14.3333330154419,21.66666603088379,-123.3333358764648,2,3
4027,72,-11.5,63.83333206176758,-117.5,2,3
4134,73,-17.83333396911621,21.5,-127,2,3
4167,74,-17,63.33333206176758,-127,2,3
4211,75,-18.16666603088379,63.33333206176758,-127.3333358764648,2,3
4269,76,-18.16666603088379,63.33333206176758,-127.3333358764648,2,3
4369,77,-14.16666698455811,23,-123.5,2,3
4418,78,-11.5,22.83333396911621,-122.8333358764648,2,3
4433,79,-11.5,22.83333396911621,-122.8333358764648,2,3
4512,80,-14.16666698455811,21.5,-122.6666641235352,2,3
4621,81,-15.16666698455811,63.16666793823242,-123.6666641235352,2,3
4712,82,-14.66666698455811,63.33333206176758,-122.6666641235352,2,3
4749,83,-14.16666698455811,62.83333206176758,-123.8333358764648,2,3
4773,84,-14.16666698455811,62.83333206176758,-123.8333358764648,2,3
4800,85,-14.16666698455811,63.66666793823242,-122.6666641235352,2,3
4822,86,-14.16666698455811,63.66666793823242,-122.6666641235352,2,3
4846,87,-13.8333330154419,63.66666793823242,-124.6666641235352,2,3
4874,88,-13.8333330154419,63.66666793823242,-124.6666641235352,2,3
4894,89,-14.3333330154419,62.66666793823242,-122.8333358764648,2,3
4906,90,-14.3333330154419,62.66666793823242,-122.8333358764648,2,3
4942,91,-14.8333330154419,63.5,-123.3333358764648,2,3
4956,92,-14.8333330154419,63.5,-123.3333358764648,2,3
4977,93,-14.8333330154419,63.5,-123.3333358764648,2,3
5008,94,-14.16666698455811,21.5,-122.3333358764648,2,3
5083,95,-12.3333330154419,62.33333206176758,-123.3333358764648,2,3
5143,96,-13,21.5,-123.5,2,3
5182,97,-13,21.5,-123.5,2,3
5264,98,-14.66666698455811,63.66666793823242,-123.5,2,3
5315,99,-12.8333330154419,63.16666793823242,-122.5,2,3
5338,100,-14.16666698455811,63.66666793823242,-123.5,2,3
5380,101,-14.16666698455811,62.5,-123.8333358764648,2,3
5436,102,-13.3333330154419,21.83333396911621,-122,2,3
5447,103,-13.3333330154419,21.83333396911621,-122,2,3
5483,104,-10.8333330154419,61,-122.8333358764648,2,3
5561,105,-12.8333330154419,22.5,-123.6666641235352,2,3
5650,106,-12.8333330154419,63.16666793823242,-123.6666641235352,2,3
5717,107,-15.3333330154419,63.66666793823242,-124.6666641235352,2,3
5752,108,-14,62.66666793823242,-122.1666641235352,2,3
5820,109,-13.8333330154419,62.83333206176758,-124.1666641235352,2,3
5851,110,-13.8333330154419,62.83333206176758,-124.1666641235352,2,3
5866,111,-14.3333330154419,21.66666603088379,-123.6666641235352,2,3
5953,112,-13.5,62.66666793823242,-122.8333358764648,2,3
5973,113,-13.5,62.66666793823242,-122.8333358764648,2,3
6051,114,-14.16666698455811,63.66666793823242,-122.3333358764648,2,3
6079,115,-13.16666698455811,62.66666793823242,-122.8333358764648,2,3
6141,116,-13.3333330154419,21.5,-123.1666641235352,2,3
6149,117,-13.3333330154419,21.5,-123.1666641235352,2,3
6175,118,-14,21.66666603088379,-123.3333358764648,2,3
6198,119,-14,21.66666603088379,-123.3333358764648,2,3
6232,120,-14,63.16666793823242,-123.3333358764648,2,3
6238,121,-14,63.16666793823242,-123.3333358764648,2,3
6252,122,-13.3333330154419,61.66666793823242,-122,2,3
6274,123,-13.3333330154419,61.66666793823242,-122,2,3
6291,124,-13.3333330154419,61.66666793823242,-122,2,3
6338,125,-13.8333330154419,62.83333206176758,-124.1666641235352,2,3
6366,126,-12.5,22.16666603088379,-125.8333358764648,2,3
6404,127,-13.16666698455811,62.33333206176758,-122.1666641235352,2,3
6438,128,-13.16666698455811,62.33333206176758,-122.1666641235352,2,3
6456,129,-13.16666698455811,62.33333206176758,-122.1666641235352,2,3
6583,130,-14,63.83333206176758,-123.6666641235352,2,3
6763,131,-11.3333330154419,63.33333206176758,-121.5,2,3
7005,132,-14.3333330154419,62.66666793823242,-121,2,3
7074,133,-15.3333330154419,63.66666793823242,-123.1666641235352,2,3
7111,134,-15,21.83333396911621,-121.1666641235352,2,3
7144,135,-14.3333330154419,62.33333206176758,-124.5,2,3
7161,136,-14.3333330154419,62.33333206176758,-124.5,2,3
7182,137,-14.66666698455811,62.5,-125.3333358764648,2,3
7206,138,-14.66666698455811,62.5,-125.3333358764648,2,3
7219,139,-14.66666698455811,62.5,-125.3333358764648,2,3
7233,140,-13.3333330154419,62.83333206176758,-122.3333358764648,2,3
7258,141,-13.3333330154419,62.83333206176758,-122.3333358764648,2,3
7283,142,-13.5,63.5,-123.6666641235352,2,3
7288,143,-13.5,63.5,-123.6666641235352,2,3
7316,144,-13.5,63.5,-123.6666641235352,2,3
7332,145,-14,62.66666793823242,-123.3333358764648,2,3
7347,146,-14,62.66666793823242,-123.3333358764648,2,3
7362,147,-14,62.66666793823242,-123.3333358764648,2,3
7380,148,-15.16666698455811,63.16666793823242,-123.6666641235352,2,3
7425,149,-13.3333330154419,21.5,-122.6666641235352,2,3
7579,150,-12.5,63.66666793823242,-122.6666641235352,2,3
7591,151,-12.5,63.66666793823242,-122.6666641235352,2,3
7681,152,-13.3333330154419,62.5,-123.5,2,3
7725,153,-14.66666698455811,63.33333206176758,-122.6666641235352,2,3
7760,154,-14.66666698455811,63.33333206176758,-122.6666641235352,2,3
7796,155,-14,63.83333206176758,-122.1666641235352,2,3
7854,156,-13.5,21.66666603088379,-122.8333358764648,2,3
7950,157,-14,63.5,-123.6666641235352,2,3
7991,158,-14,63.5,-123.6666641235352,2,3
8013,159,-14.66666698455811,63.66666793823242,-121.5,2,3
8095,160,-13.3333330154419,21.83333396911621,-120.8333358764648,2,3
8104,161,-11.5,22,-123.3333358764648,2,3
8117,162,-11.5,22,-123.3333358764648,2,3
8153,163,-11.5,22,-123.3333358764648,2,3
8204,164,-14,62.66666793823242,-121.3333358764648,2,3
8260,165,-13.8333330154419,63.33333206176758,-122,2,3
8359,166,-15,22.66666603088379,-122.3333358764648,2,3
8422,167,-15,22.66666603088379,-122.3333358764648,2,3
8445,168,-15,22.66666603088379,-122.3333358764648,2,3
8500,169,-13.8333330154419,62.83333206176758,-125,2,3
8526,170,-13.8333330154419,62.83333206176758,-125,2,3
8556,171,-13.8333330154419,62.83333206176758,-121.5,2,3
8602,172,-13.5,63.5,-122.1666641235352,2,3
8653,173,-14.8333330154419,63.16666793823242,-122.5,2,3
8753,174,-14.3333330154419,63.16666793823242,-122.5,2,3
8806,175,-14,22,-124,2,3
8820,176,-14,22,-124,2,3
8884,177,-15.16666698455811,63.16666793823242,-123.6666641235352,2,3
9003,178,-14.66666698455811,62.83333206176758,-123.5,2,3
9009,179,-14.66666698455811,62.83333206176758,-123.5,2,3
9039,180,-13.5,63.83333206176758,-121.3333358764648,2,3
9057,181,-13.5,63.83333206176758,-121.3333358764648,2,3
9081,182,-13.3333330154419,63.66666793823242,-122.6666641235352,2,3
9134,183,-13.16666698455811,63.16666793823242,-121.6666641235352,2,3
9204,184,-15.16666698455811,62.66666793823242,-123.6666641235352,2,3
9230,185,-14,63.83333206176758,-122.1666641235352,2,3
9290,186,-15.16666698455811,63.83333206176758,-122.5,2,3
9371,187,-14.66666698455811,63.33333206176758,-122.3333358764648,2,3
9452,188,-14.3333330154419,63.5,-122.8333358764648,2,3
9496,189,-14.8333330154419,61.5,-122.5,2,3
9523,190,-14.8333330154419,61.5,-122.5,2,3
9612,191,-11.5,63.83333206176758,-124,2,3
9628,192,-14.16666698455811,21.83333396911621,-123.5,2,3
9671,193,-13.8333330154419,63.33333206176758,-122.6666641235352,2,3
9694,194,-13.8333330154419,63.33333206176758,-122.6666641235352,2,3
9767,195,-14,62.33333206176758,-124,2,3
9840,196,-14.66666698455811,23,-124.6666641235352,2,3
9847,197,-14.66666698455811,23,-124.6666641235352,2,3
9871,198,-13.16666698455811,61,-121,2,3
9939,199,-13.16666698455811,23.66666603088379,-122.8333358764648,2,3
9974,200,-13,62,-123.8333358764648,2,3
10011,201,-13.3333330154419,63.33333206176758,-122.6666641235352,2,3
10056,202,-15.16666698455811,63.16666793823242,-123.6666641235352,2,3
10275,203,-11.8333330154419,63.33333206176758,-123.1666641235352,2,3
10287,204,-11.8333330154419,63.33333206176758,-123.1666641235352,2,3
10299,205,-11.8333330154419,63.33333206176758,-123.1666641235352,2,3
10314,206,-11.8333330154419,63.33333206176758,-123.1666641235352,2,3
10357,207,-12.5,21.5,-122.6666641235352,2,3
10364,208,-12.5,21.5,-122.6666641235352,2,3
10488,209,-15,63.66666793823242,-123.1666641235352,2,3
10572,210,-13.3333330154419,62.83333206176758,-121.1666641235352,2,3
10623,211,-14.3333330154419,63.5,-123.3333358764648,2,3
10656,212,-13.3333330154419,21.5,-122.3333358764648,2,3
10679,213,-13.3333330154419,21.5,-122.3333358764648,2,3
10696,214,-13,63.66666793823242,-123.5,2,3
10749,215,-14.66666698455811,63.66666793823242,-123.1666641235352,2,3
10797,216,-14.16666698455811,21.83333396911621,-123.5,2,3
10870,217,-14.3333330154419,21.66666603088379,-121.6666641235352,2,3
10942,218,-15,22.66666603088379,-122.3333358764648,2,3
11012,219,-14.8333330154419,22.5,-121.6666641235352,2,3
11037,220,-12.5,63.33333206176758,-123.1666641235352,2,3
11072,221,-12.5,63.33333206176758,-123.1666641235352,2,3
11177,222,-13.16666698455811,63.83333206176758,-122.1666641235352,2,3
11386,223,-12.8333330154419,63.83333206176758,-122.8333358764648,2,3
11610,224,-13.16666698455811,63.16666793823242,-124,2,3
11831,225,-15.66666698455811,63.16666793823242,-175.3333282470703,2,3
11837,226,-15.66666698455811,63.16666793823242,-175.3333282470703,2,3
11870,227,-17.83333396911621,22.66666603088379,-181.6666717529297,2,3
11906,228,-17.83333396911621,22.66666603088379,-181.6666717529297,2,3
11968,229,-17.66666603088379,62.66666793823242,-186.8333282470703,2,3
11976,230,-17.66666603088379,62.66666793823242,-186.8333282470703,2,3
12012,231,-17.66666603088379,62.66666793823242,-186.8333282470703,2,3
12061,232,-19.33333396911621,62,-179,2,3
12090,233,-19.33333396911621,62,-179,2,3
12110,234,-19.83333396911621,61.33333206176758,-177,2,3
12134,235,-19.83333396911621,61.33333206176758,-177,2,3
12144,236,-19.83333396911621,61.33333206176758,-177,2,3
12156,237,-20.5,63.16666793823242,-177.6666717529297,2,3
12170,238,-20.5,63.16666793823242,-177.6666717529297,2,3
12195,239,-20.5,63.16666793823242,-177.6666717529297,2,3
12207,240,-18,63.5,-173,2,3
12215,241,-18,63.5,-173,2,3
12228,242,-18,63.5,-173,2,3
12236,243,-18,63.5,-173,2,3
12251,244,-17.33333396911621,60.83333206176758,-118.8333358764648,2,3
12264,245,-17.33333396911621,60.83333206176758,-118.8333358764648,2,3
12274,246,-17.33333396911621,60.83333206176758,-118.8333358764648,2,3
12296,247,-11.8333330154419,60.5,-108.6666641235352,2,3
12435,248,-10.16666698455811,58.83333206176758,-107.1666641235352,2,3
12462,249,-10.8333330154419,61.83333206176758,-108.1666641235352,2,3
12508,250,-13.16666698455811,61,-114.3333358764648,2,3
12899,251,-15.66666698455811,61.83333206176758,-118.1666641235352,2,3
12953,252,-13.8333330154419,21.83333396911621,-116.1666641235352,2,3
13117,253,-12,61.83333206176758,-117.5,2,3
13148,254,-14.16666698455811,62.83333206176758,-116.5,2,3
13187,255,-14.66666698455811,62.5,-116.8333358764648,2,3
13231,256,-13.8333330154419,62.5,-116.8333358764648,2,3
13248,257,-13.8333330154419,62.5,-116.8333358764648,2,3
13287,258,-15,62.83333206176758,-117.3333358764648,2,3
13340,259,-13.8333330154419,61.66666793823242,-117.3333358764648,2,3
13350,260,-13.8333330154419,61.66666793823242,-117.3333358764648,2,3
13387,261,-14.3333330154419,62.33333206176758,-117.8333358764648,2,3
13488,262,-13.8333330154419,63.66666793823242,-115.3333358764648,2,3
13526,263,-13.8333330154419,62.5,-116.8333358764648,2,3
13585,264,-13.8333330154419,21.5,-117.3333358764648,2,3
13663,265,-13.3333330154419,60.5,-116.8333358764648,2,3
13701,266,-14.66666698455811,62,-116.8333358764648,2,3
13740,267,-13,61.66666793823242,-115.6666641235352,2,3
13828,268,-14.8333330154419,62.66666793823242,-118.6666641235352,2,3
13887,269,-13.16666698455811,62.66666793823242,-117.5,2,3
13925,270,-14.8333330154419,62.66666793823242,-116.6666641235352,2,3
13949,271,-14.8333330154419,62.66666793823242,-116.6666641235352,2,3
13972,272,-12.16666698455811,21.5,-116.5,2,3
14001,273,-12.16666698455811,61.33333206176758,-116.1666641235352,2,3
14026,274,-12.16666698455811,61.33333206176758,-116.1666641235352,2,3
14065,275,-13.3333330154419,60.5,-118,2,3
14112,276,-13.3333330154419,60.5,-118,2,3
14148,277,-13.3333330154419,60.5,-118,2,3
14173,278,-13,22.16666603088379,-116.5,2,3
14202,279,-12,62.66666793823242,-118.6666641235352,2,3
14234,280,-12,62.66666793823242,-118.6666641235352,2,3
14262,281,-13.16666698455811,62.66666793823242,-117.8333358764648,2,3
14327,282,-13.16666698455811,62.66666793823242,-117.8333358764648,2,3
14385,283,-16,62.33333206176758,-117.8333358764648,2,3
14408,284,-13.16666698455811,61.83333206176758,-116.6666641235352,2,3
14485,285,-13.8333330154419,63.33333206176758,-116.8333358764648,2,3
14519,286,-14.8333330154419,63.83333206176758,-117.8333358764648,2,3
14645,287,-12.8333330154419,61.83333206176758,-118.6666641235352,2,3
14713,288,-15.16666698455811,62.66666793823242,-115.8333358764648,2,3
14754,289,-15.16666698455811,61,-117.5,2,3
14791,290,-14,61.83333206176758,-116.6666641235352,2,3
14816,291,-14,61.83333206176758,-116.6666641235352,2,3
14883,292,-13.5,63.83333206176758,-117.5,2,3
14973,293,-13.16666698455811,61.5,-116.3333358764648,2,3
13,0,0.986328125,0.096435546875,0.329833984375,0,4
268,1,1.009521484375,0.167724609375,0.319091796875,0,4
302,2,0.9375,0.1259765625,0.2548828125,0,4
360,3,0.920654296875,0.16015625,0.32861328125,0,4
394,4,0.920654296875,0.16015625,0.32861328125,0,4
453,5,0.91796875,0.250732421875,0.23876953125,0,4
521,6,0.92919921875,0.205322265625,0.239990234375,0,4
558,7,1.022705078125,0.20068359375,0.263427734375,0,4
668,8,0.975341796875,0.197998046875,0.21484375,0,4
695,9,1.00634765625,0.208251953125,0.1708984375,0,4
726,10,1.00634765625,0.208251953125,0.1708984375,0,4
783,11,1.007080078125,0.16015625,0.26513671875,0,4
812,12,0.935546875,0.203369140625,0.27685546875,0,4
840,13,1.008544921875,0.201416015625,0.270263671875,0,4
860,14,1.008544921875,0.201416015625,0.270263671875,0,4
874,15,1.008544921875,0.201416015625,0.270263671875,0,4
885,16,1.013427734375,0.199951171875,0.1708984375,0,4
904,17,1.013427734375,0.199951171875,0.1708984375,0,4
931,18,1.03125,0.19970703125,0.124755859375,0,4
979,19,1.009033203125,0.20849609375,0.115478515625,0,4
1030,20,1.0078125,0.19775390625,0.1171875,0,4
1090,21,1.01708984375,0.193359375,0.060546875,0,4
1140,22,1.01318359375,0.2041015625,0.106689453125,0,4
1175,23,1.0849609375,0.211669921875,0.12890625,0,4
1225,24,1.183837890625,0.233154296875,0.377197265625,0,4
1317,25,1.404052734375,0.15625,0.71923828125,0,4
1373,26,0.94384765625,-0.0400390625,0.4228515625,0,4
1529,27,1.462890625,-1.90087890625,0.00048828125,0,4
1659,28,1.1220703125,-0.14013671875,-0.082763671875,0,4
1731,29,1.13623046875,0.063720703125,0.01318359375,0,4
1767,30,1.015625,-0.009033203125,0.078857421875,0,4
1794,31,1.015625,-0.009033203125,0.078857421875,0,4
1844,32,0.99853515625,-0.071533203125,0.03271484375,0,4
1876,33,1.03125,-0.063720703125,-0.064697265625,0,4
1889,34,1.03125,-0.063720703125,-0.064697265625,0,4
1915,35,1.016357421875,-0.0634765625,-0.1484375,0,4
1980,36,1.009521484375,-0.083740234375,-0.0830078125,0,4
2036,37,1.0126953125,0.000732421875,-0.095458984375,0,4
2119,38,0.947021484375,0.00439453125,-0.14599609375,0,4
2189,39,0.962158203125,0.03857421875,-0.125244140625,0,4
2269,40,0.822998046875,-0.4892578125,-0.1435546875,0,4
2503,41,1.6728515625,-0.250732421875,-2.845703125,0,4
2529,42,1.6728515625,-0.250732421875,-2.845703125,0,4
2551,43,1.332275390625,-0.619384765625,-3.357666015625,0,4
2579,44,1.332275390625,-0.619384765625,-3.357666015625,0,4
2583,45,1.332275390625,-0.619384765625,-3.357666015625,0,4
2610,46,1.332275390625,-0.619384765625,-3.357666015625,0,4
2669,47,1.177490234375,0.145751953125,-0.62060546875,0,4
2693,48,0.7607421875,0.008544921875,-0.111328125,0,4
2701,49,0.7607421875,0.008544921875,-0.111328125,0,4
2738,50,0.114990234375,0.286865234375,-0.071044921875,0,4
2818,51,-0.440673828125,0.4033203125,0.12548828125,0,4
2826,52,-0.440673828125,0.4033203125,0.12548828125,0,4
2850,53,-0.57080078125,0.517578125,0.09375,0,4
2867,54,-0.57080078125,0.517578125,0.09375,0,4
2877,55,-0.734619140625,0.06787109375,0.21142578125,0,4
2894,56,-0.734619140625,0.06787109375,0.21142578125,0,4
2913,57,-0.734619140625,0.06787109375,0.21142578125,0,4
2930,58,-0.842529296875,0.142822265625,0.06494140625,0,4
2977,59,-0.70458984375,0.060546875,-0.16015625,0,4
3100,60,-0.364501953125,0.106689453125,-0.688232421875,0,4
3108,61,-0.364501953125,0.106689453125,-0.688232421875,0,4
3135,62,-0.19873046875,0.10205078125,-0.90283203125,0,4
3173,63,0.05029296875,0.141845703125,-0.960693359375,0,4
3223,64,0.169921875,0.300048828125,-0.917724609375,0,4
3276,65,0.2568359375,0.33154296875,-1.431884765625,0,4
3334,66,0.44287109375,0.115478515625,-1.642822265625,0,4
3447,67,0.272705078125,-0.0302734375,-1.19482421875,0,4
3557,68,0.328857421875,0.005126953125,-0.918212890625,0,4
3636,69,0.250244140625,0.028076171875,-0.91015625,0,4
3779,70,0.06396484375,0.052001953125,-0.949462890625,0,4
3970,71,0.064208984375,0.03564453125,-0.942626953125,0,4
4071,72,0.0751953125,-0.081298828125,-0.738525390625,0,4
4143,73,0.06982421875,-0.08349609375,-0.8359375,0,4
4184,74,-0.017578125,0,-0.8447265625,0,4
4228,75,0.06982421875,0.004638671875,-0.856689453125,0,4
4323,76,0.05908203125,0.00390625,-0.914306640625,0,4
4401,77,0.217529296875,0.0068359375,-1.120361328125,0,4
4421,78,0.217529296875,0.0068359375,-1.120361328125,0,4
4483,79,0.217529296875,0.0068359375,-1.120361328125,0,4
4543,80,0.197021484375,-0.00634765625,-0.939208984375,0,4
4684,81,0.1083984375,-0.014892578125,-0.874267578125,0,4
4729,82,0.15478515625,0.01611328125,-0.955810546875,0,4
4760,83,0.106689453125,-0.08349609375,-0.915283203125,0,4
4785,84,0.115478515625,-0.064453125,-1.007568359375,0,4
4811,85,0.115478515625,-0.064453125,-1.007568359375,0,4
4859,86,0.115966796875,0.027587890625,-1.005615234375,0,4
4883,87,0.114990234375,-0.021728515625,-0.961181640625,0,4
4913,88,0.114990234375,-0.021728515625,-0.961181640625,0,4
4918,89,0.114990234375,-0.021728515625,-0.961181640625,0,4
4930,90,0.1123046875,0.02685546875,-0.90673828125,0,4
4949,91,0.1123046875,0.02685546875,-0.90673828125,0,4
4969,92,0.1123046875,0.02685546875,-0.90673828125,0,4
4986,93,0.1123046875,0.02685546875,-0.90673828125,0,4
5014,94,0.1123046875,0.02685546875,-0.90673828125,0,4
5118,95,0.201416015625,0.016845703125,-0.93994140625,0,4
5157,96,0.2158203125,0.021484375,-1.015380859375,0,4
5232,97,0.176025390625,-0.001220703125,-1.0185546875,0,4
5295,98,0.176513671875,0.071044921875,-0.92724609375,0,4
5352,99,0.180419921875,0.05322265625,-0.8603515625,0,4
5364,100,0.180419921875,0.05322265625,-0.8603515625,0,4
5405,101,0.180419921875,0.05322265625,-0.8603515625,0,4
5416,102,0.18359375,0.142333984375,-0.86083984375,0,4
5463,103,0.253662109375,0.05419921875,-0.907958984375,0,4
5498,104,0.253662109375,0.05419921875,-0.907958984375,0,4
5584,105,0.1728515625,0.08935546875,-0.911376953125,0,4
5684,106,0.162109375,0.085205078125,-0.950927734375,0,4
5773,107,0.173583984375,0.09326171875,-0.963623046875,0,4
5799,108,0.173583984375,0.09326171875,-0.963623046875,0,4
5835,109,0.217529296875,0.04541015625,-0.915771484375,0,4
5877,110,0.21044921875,0.044677734375,-1.009521484375,0,4
5883,111,0.21044921875,0.044677734375,-1.009521484375,0,4
5918,112,0.21142578125,0.0322265625,-0.919189453125,0,4
6056,113,0.19775390625,0.089111328125,-0.861328125,0,4
6083,114,0.19775390625,0.089111328125,-0.861328125,0,4
6111,115,0.115234375,-0.09375,-1,0,4
6128,116,0.115234375,-0.09375,-1,0,4
6160,117,0.11962890625,0.06689453125,-1.007080078125,0,4
6186,118,0.11962890625,0.06689453125,-1.007080078125,0,4
6209,119,0.103759765625,0.010009765625,-0.918212890625,0,4
6223,120,0.103759765625,0.010009765625,-0.918212890625,0,4
6260,121,0.103759765625,0.010009765625,-0.918212890625,0,4
6265,122,0.103759765625,0.010009765625,-0.918212890625,0,4
6282,123,0.103759765625,0.010009765625,-0.918212890625,0,4
6313,124,0.09912109375,-0.081298828125,-0.863525390625,0,4
6382,125,0.118408203125,-0.070068359375,-0.90380859375,0,4
6420,126,0.11865234375,-0.04052734375,-0.866455078125,0,4
6444,127,0.1943359375,-0.03564453125,-0.85791015625,0,4
6467,128,0.1943359375,-0.03564453125,-0.85791015625,0,4
6509,129,0.109130859375,0.087158203125,-0.978271484375,0,4
6634,130,0.201171875,0.04736328125,-0.925048828125,0,4
6878,131,0.158203125,0.021728515625,-0.9677734375,0,4
7059,132,0.17529296875,0.091064453125,-0.9267578125,0,4
7092,133,0.18310546875,0.048828125,-0.871337890625,0,4
7113,134,0.18310546875,0.048828125,-0.871337890625,0,4
7130,135,0.18310546875,0.048828125,-0.871337890625,0,4
7166,136,0.18310546875,0.048828125,-0.871337890625,0,4
7193,137,0.181640625,0.088623046875,-0.945068359375,0,4
7242,138,0.176513671875,0.073974609375,-0.9384765625,0,4
7249,139,0.176513671875,0.073974609375,-0.9384765625,0,4
7266,140,0.177001953125,0.0380859375,-0.9140625,0,4
7274,141,0.177001953125,0.0380859375,-0.9140625,0,4
7302,142,0.177001953125,0.0380859375,-0.9140625,0,4
7307,143,0.177001953125,0.0380859375,-0.9140625,0,4
7323,144,0.1767578125,0.04443359375,-0.937255859375,0,4
7340,145,0.1767578125,0.04443359375,-0.937255859375,0,4
7354,146,0.1767578125,0.04443359375,-0.937255859375,0,4
7369,147,0.184326171875,0.084228515625,-0.963623046875,0,4
7413,148,0.18408203125,0.088623046875,-0.9599609375,0,4
7462,149,0.1787109375,0.039306640625,-0.9541015625,0,4
7524,150,0.184326171875,0.042724609375,-0.94921875,0,4
7658,151,0.251953125,0.035888671875,-0.908447265625,0,4
7706,152,0.18505859375,0.041015625,-0.95654296875,0,4
7741,153,0.18505859375,0.041015625,-0.95654296875,0,4
7776,154,0.1845703125,0.04736328125,-0.9580078125,0,4
7810,155,0.18701171875,0.0869140625,-0.947509765625,0,4
7917,156,0.25634765625,0.037841796875,-0.951904296875,0,4
7970,157,0.25927734375,0.041015625,-0.9580078125,0,4
7996,158,0.25927734375,0.041015625,-0.9580078125,0,4
8044,159,0.262939453125,0.03955078125,-0.956298828125,0,4
8077,160,0.262939453125,0.03955078125,-0.956298828125,0,4
8125,161,0.25830078125,0.083984375,-0.957275390625,0,4
8132,162,0.25830078125,0.083984375,-0.957275390625,0,4
8175,163,0.25927734375,0.089111328125,-0.95751953125,0,4
8306,164,0.260498046875,0.092041015625,-0.955810546875,0,4
8403,165,0.265380859375,0.03125,-0.953125,0,4
8426,166,0.265380859375,0.03125,-0.953125,0,4
8461,167,0.26416015625,0.037109375,-0.966064453125,0,4
8483,168,0.26416015625,0.037109375,-0.966064453125,0,4
8512,169,0.26513671875,0.040283203125,-0.957763671875,0,4
8537,170,0.264404296875,0.08984375,-0.9501953125,0,4
8585,171,0.266845703125,0.08984375,-0.9638671875,0,4
8688,172,0.261962890625,0.032958984375,-0.95458984375,0,4
8709,173,0.261962890625,0.032958984375,-0.95458984375,0,4
8784,174,0.262451171875,0.0927734375,-0.952392578125,0,4
8841,175,0.265625,0.0380859375,-0.943603515625,0,4
8857,176,0.265625,0.0380859375,-0.943603515625,0,4
8926,177,0.27001953125,0.08935546875,-0.9560546875,0,4
8971,178,0.268310546875,0.08837890625,-0.94287109375,0,4
9029,179,0.267578125,0.0556640625,-0.962890625,0,4
9048,180,0.267578125,0.0556640625,-0.962890625,0,4
9072,181,0.272216796875,0.043212890625,-0.95458984375,0,4
9120,182,0.267333984375,0.08740234375,-0.947509765625,0,4
9171,183,0.269287109375,0.082275390625,-0.9560546875,0,4
9268,184,0.2646484375,0.036865234375,-0.957275390625,0,4
9277,185,0.2646484375,0.036865234375,-0.957275390625,0,4
9325,186,0.26806640625,0.03173828125,-0.952392578125,0,4
9466,187,0.2685546875,0.039306640625,-0.956298828125,0,4
9479,188,0.2685546875,0.039306640625,-0.956298828125,0,4
9509,189,0.2685546875,0.039306640625,-0.956298828125,0,4
9563,190,0.275634765625,0.03173828125,-0.95068359375,0,4
9582,191,0.275634765625,0.03173828125,-0.95068359375,0,4
9660,192,0.264404296875,0.0341796875,-0.955322265625,0,4
9679,193,0.264404296875,0.0341796875,-0.955322265625,0,4
9719,194,0.264404296875,0.03662109375,-0.95654296875,0,4
9785,195,0.26171875,0.03564453125,-0.955322265625,0,4
9812,196,0.264404296875,0.093505859375,-0.95263671875,0,4
9859,197,0.26904296875,0.040771484375,-0.955810546875,0,4
9906,198,0.27099609375,0.04248046875,-0.955810546875,0,4
9962,199,0.27880859375,0.03857421875,-0.952880859375,0,4
9998,200,0.268310546875,0.041015625,-0.95458984375,0,4
10044,201,0.263916015625,0.037841796875,-0.9580078125,0,4
10109,202,0.269287109375,0.04541015625,-0.961181640625,0,4
10193,203,0.27001953125,0.04248046875,-0.952880859375,0,4
10252,204,0.26708984375,0.039794921875,-0.951904296875,0,4
10317,205,0.26806640625,0.0380859375,-0.9482421875,0,4
10343,206,0.265869140625,0.058349609375,-0.962158203125,0,4
10389,207,0.266357421875,0.05078125,-0.958251953125,0,4
10445,208,0.26953125,0.046875,-0.952880859375,0,4
10533,209,0.267822265625,0.05078125,-0.961181640625,0,4
10602,210,0.2705078125,0.0458984375,-0.947265625,0,4
10640,211,0.2724609375,0.05126953125,-0.957763671875,0,4
10668,212,0.2724609375,0.05126953125,-0.957763671875,0,4
10729,213,0.27294921875,0.0419921875,-0.96044921875,0,4
10738,214,0.27294921875,0.0419921875,-0.96044921875,0,4
10780,215,0.2666015625,0.036376953125,-0.958251953125,0,4
10829,216,0.2666015625,0.05419921875,-0.95361328125,0,4
10911,217,0.2646484375,0.051513671875,-0.954345703125,0,4
10977,218,0.268798828125,0.04541015625,-0.956298828125,0,4
11024,219,0.27294921875,0.04931640625,-0.9501953125,0,4
11046,220,0.27294921875,0.04931640625,-0.9501953125,0,4
11120,221,0.274658203125,0.046875,-0.952392578125,0,4
11243,222,0.268798828125,0.04296875,-0.962158203125,0,4
11498,223,0.280029296875,0.03173828125,-0.90966796875,0,4
11701,224,0.271728515625,0.04248046875,-0.948486328125,0,4
11819,225,0.26611328125,0.036865234375,-0.950927734375,0,4
11847,226,0.27685546875,0.043701171875,-0.949462890625,0,4
11887,227,0.27685546875,0.043701171875,-0.949462890625,0,4
11924,228,0.275634765625,0.03369140625,-0.94921875,0,4
11947,229,0.27001953125,0.091552734375,-0.954345703125,0,4
11989,230,0.27001953125,0.091552734375,-0.954345703125,0,4
12045,231,0.275390625,0.032470703125,-0.954345703125,0,4
12080,232,0.271728515625,0.03857421875,-0.951416015625,0,4
12101,233,0.271728515625,0.03857421875,-0.951416015625,0,4
12117,234,0.271728515625,0.03857421875,-0.951416015625,0,4
12126,235,0.271728515625,0.03857421875,-0.951416015625,0,4
12146,236,0.27001953125,0.052490234375,-0.955322265625,0,4
12163,237,0.27001953125,0.052490234375,-0.955322265625,0,4
12177,238,0.27001953125,0.052490234375,-0.955322265625,0,4
12186,239,0.27001953125,0.052490234375,-0.955322265625,0,4
12208,240,0.27734375,0.04736328125,-0.95458984375,0,4
12221,241,0.27734375,0.04736328125,-0.95458984375,0,4
12243,242,0.2744140625,0.04541015625,-0.9482421875,0,4
12258,243,0.2744140625,0.04541015625,-0.9482421875,0,4
12269,244,0.2744140625,0.04541015625,-0.9482421875,0,4
12288,245,0.2705078125,0.039794921875,-0.955078125,0,4
12336,246,0.271240234375,0.033935546875,-0.958740234375,0,4
12401,247,0.27392578125,0.09033203125,-0.9609375,0,4
12450,248,0.26318359375,0.037109375,-0.9541015625,0,4
12486,249,0.265625,0.048828125,-0.947021484375,0,4
12822,250,0.265380859375,0.04443359375,-0.948486328125,0,4
12924,251,0.272705078125,0.042724609375,-0.96337890625,0,4
13088,252,0.276611328125,0.0576171875,-0.95556640625,0,4
13137,253,0.2685546875,0.05126953125,-0.950927734375,0,4
13167,254,0.275390625,0.05078125,-0.954345703125,0,4
13206,255,0.275390625,0.05078125,-0.954345703125,0,4
13260,256,0.273681640625,0.040283203125,-0.94970703125,0,4
13272,257,0.27197265625,0.0361328125,-0.958740234375,0,4
13300,258,0.27197265625,0.0361328125,-0.958740234375,0,4
13324,259,0.27001953125,0.0439453125,-0.948486328125,0,4
13366,260,0.274169921875,0.047119140625,-0.953857421875,0,4
13459,261,0.27685546875,0.048828125,-0.949462890625,0,4
13515,262,0.27392578125,0.04931640625,-0.954345703125,0,4
13543,263,0.27392578125,0.04931640625,-0.954345703125,0,4
13639,264,0.2734375,0.045166015625,-0.944091796875,0,4
13684,265,0.27587890625,0.04443359375,-0.94775390625,0,4
13719,266,0.271484375,0.041259765625,-0.94970703125,0,4
13785,267,0.273193359375,0.05078125,-0.950927734375,0,4
13862,268,0.276611328125,0.044189453125,-0.9541015625,0,4
13913,269,0.272705078125,0.03564453125,-0.95263671875,0,4
13937,270,0.272705078125,0.03564453125,-0.95263671875,0,4
13962,271,0.26513671875,0.03759765625,-0.960205078125,0,4
13990,272,0.26513671875,0.03759765625,-0.960205078125,0,4
14014,273,0.26513671875,0.03759765625,-0.960205078125,0,4
14037,274,0.26513671875,0.03759765625,-0.960205078125,0,4
14089,275,0.27099609375,0.0439453125,-0.947265625,0,4
14128,276,0.27099609375,0.0439453125,-0.947265625,0,4
14160,277,0.27099609375,0.0439453125,-0.947265625,0,4
14183,278,0.27099609375,0.0439453125,-0.947265625,0,4
14219,279,0.276123046875,0.047607421875,-0.950927734375,0,4
14288,280,0.2783203125,0.05029296875,-0.9541015625,0,4
14307,281,0.2783203125,0.05029296875,-0.9541015625,0,4
14453,282,0.268798828125,0.0390625,-0.948974609375,0,4
14463,283,0.268798828125,0.0390625,-0.948974609375,0,4
14505,284,0.27685546875,0.04150390625,-0.957763671875,0,4
14555,285,0.277587890625,0.04248046875,-0.953857421875,0,4
14666,286,0.268798828125,0.040771484375,-0.953369140625,0,4
14682,287,0.267822265625,0.046142578125,-0.964111328125,0,4
14734,288,0.262451171875,0.09130859375,-1.002197265625,0,4
14769,289,0.262451171875,0.09130859375,-1.002197265625,0,4
14796,290,0.272705078125,0.13330078125,-0.9091796875,0,4
14845,291,0.262451171875,0.148193359375,-0.87255859375,0,4
14955,292,0.164306640625,0.128173828125,-0.94384765625,0,4
15009,293,0.1845703125,0.09228515625,-0.96484375,0,4
32,1,16.171875,8.5078125,2.8515625,1,4
273,2,50.0546875,9.015625,23.90625,1,4
308,3,11.5546875,-0.6640625,20.6484375,1,4
363,4,-30.7578125,-5.40625,16.140625,1,4
399,5,-30.7578125,-5.40625,16.140625,1,4
467,6,22.6875,-5.234375,3.203125,1,4
526,7,16,-7.0546875,-0.7734375,1,4
578,8,0.453125,-10.28125,2.359375,1,4
672,9,6.8671875,-8.890625,0.34375,1,4
698,10,3.5234375,-8.515625,-4.34375,1,4
729,11,3.5234375,-8.515625,-4.34375,1,4
791,12,-0.2734375,-13.9375,-3.15625,1,4
816,13,13.21875,-16.5625,-3.8984375,1,4
843,14,3.265625,-17.0078125,-1.0546875,1,4
861,15,3.265625,-17.0078125,-1.0546875,1,4
875,16,3.265625,-17.0078125,-1.0546875,1,4
887,17,-1.90625,-19.953125,-4.65625,1,4
906,18,-1.90625,-19.953125,-4.65625,1,4
934,19,3.0703125,-23.359375,-2,1,4
981,20,3.3515625,-25.2890625,-4.2265625,1,4
1038,21,-4.7109375,-30.0078125,-7.2109375,1,4
1096,22,-4.4375,-38.375,-16.4453125,1,4
1144,23,-8.8515625,-47.3203125,-25.3359375,1,4
1179,24,-17.0546875,-55.296875,-46.65625,1,4
1237,25,-15.2578125,-47.140625,-82.046875,1,4
1330,26,184.015625,-25.1484375,-53.78125,1,4
1376,27,-3.359375,123.7109375,15.328125,1,4
1536,28,16.4453125,115.78125,-58.5703125,1,4
1676,29,3.8515625,-30.4453125,1.1484375,1,4
1736,30,17.25,-25.71875,-9.1796875,1,4
1770,31,30.65625,-40.2578125,-12.9453125,1,4
1796,32,30.65625,-40.2578125,-12.9453125,1,4
1848,33,17.375,-34.8046875,-18.71875,1,4
1879,34,4.640625,-42.640625,-14.2578125,1,4
1891,35,4.640625,-42.640625,-14.2578125,1,4
1918,36,12.015625,-48.0078125,-3.5,1,4
1982,37,12.2734375,-46.3515625,-2.1484375,1,4
2044,38,7.328125,-51.6953125,4.2734375,1,4
2124,39,7.6953125,-64.7265625,-1.84375,1,4
2199,40,-129.59375,-58.3125,-97.34375,1,4
2290,41,111.765625,-30.34375,-33.40625,1,4
2506,42,224.515625,-154.625,96.0859375,1,4
2531,43,224.515625,-154.625,96.0859375,1,4
2553,44,114.71875,-128.3515625,175.125,1,4
2580,45,114.71875,-128.3515625,175.125,1,4
2585,46,114.71875,-128.3515625,175.125,1,4
2612,47,114.71875,-128.3515625,175.125,1,4
2672,48,-93.40625,-77.8125,128.140625,1,4
2696,49,-244.9765625,-116.25,13.140625,1,4
2703,50,-244.9765625,-116.25,13.140625,1,4
2753,51,-112.78125,-93.078125,-59.9375,1,4
2822,52,-31.34375,-103.0859375,-96.28125,1,4
2829,53,-31.34375,-103.0859375,-96.28125,1,4
2853,54,134.359375,-75.34375,-102.984375,1,4
2868,55,134.359375,-75.34375,-102.984375,1,4
2880,56,156.84375,-29.421875,-88.484375,1,4
2895,57,156.84375,-29.421875,-88.484375,1,4
2915,58,156.84375,-29.421875,-88.484375,1,4
2932,59,84.8203125,14.4140625,-52.7578125,1,4
2980,60,19.1953125,38.1640625,-30.796875,1,4
3104,61,-45.8828125,56.8046875,-28.734375,1,4
3110,62,-45.8828125,56.8046875,-28.734375,1,4
3138,63,-4,42.921875,-38.546875,1,4
3176,64,-116.3671875,27.421875,-31.7578125,1,4
3228,65,-122.3828125,40.3671875,-28.9140625,1,4
3281,66,4.875,106.9765625,-10.703125,1,4
3351,67,-32.453125,79.984375,10.8828125,1,4
3456,68,-3.6328125,18.65625,34.4765625,1,4
3565,69,21.75,6.78125,31.78125,1,4
3658,70,-31.25,-15.7890625,14.359375,1,4
3803,71,-5.671875,-16.390625,-9.0234375,1,4
3979,72,-20.6328125,-21.8984375,-1.1015625,1,4
4076,73,-9.4140625,-2.515625,-0.8515625,1,4
4149,74,-13.140625,6.2265625,-1.4375,1,4
4189,75,-18.7578125,9.8671875,0.4375,1,4
4233,76,-24.125,20.8671875,4.25,1,4
4333,77,6.8671875,25.2265625,5.578125,1,4
4405,78,19.1484375,17.21875,-7.71875,1,4
4423,79,19.1484375,17.21875,-7.71875,1,4
4493,80,19.1484375,17.21875,-7.71875,1,4
4571,81,15.4375,-6.7265625,1.3359375,1,4
4695,82,-10.0703125,2.765625,2.5390625,1,4
4734,83,-4.4765625,1.21875,4.21875,1,4
4763,84,-8.671875,1.65625,-0.421875,1,4
4789,85,-5.1875,2.0859375,-4.5390625,1,4
4813,86,-5.1875,2.0859375,-4.5390625,1,4
4862,87,-8.296875,-0.5546875,-3.28125,1,4
4885,88,4.0859375,1,-3.75,1,4
4914,89,4.0859375,1,-3.75,1,4
4919,90,4.0859375,1,-3.75,1,4
4933,91,6.796875,3.6640625,-3.0546875,1,4
4951,92,6.796875,3.6640625,-3.0546875,1,4
4970,93,6.796875,3.6640625,-3.0546875,1,4
4988,94,6.796875,3.6640625,-3.0546875,1,4
5024,95,6.796875,3.6640625,-3.0546875,1,4
5126,96,4.8515625,12.953125,-4.6015625,1,4
5160,97,15.703125,14.3203125,-6.4296875,1,4
5239,98,18.671875,2,-6.890625,1,4
5298,99,14.6171875,-6.125,-3.7265625,1,4
5355,100,8.359375,-4.8125,-3.8046875,1,4
5367,101,8.359375,-4.8125,-3.8046875,1,4
5407,102,8.359375,-4.8125,-3.8046875,1,4
5419,103,1.9453125,4.453125,-2.6953125,1,4
5468,104,-2.3203125,2.703125,-0.359375,1,4
5507,105,-2.3203125,2.703125,-0.359375,1,4
5603,106,2.4609375,-1.8984375,-0.8828125,1,4
5688,107,-2.515625,0.078125,-2.1640625,1,4
5791,108,-10.5546875,-6.03125,-0.9765625,1,4
5803,109,-10.5546875,-6.03125,-0.9765625,1,4
5839,110,-6.8828125,-5.4765625,-0.265625,1,4
5880,111,-6.828125,-9.7109375,4.484375,1,4
5885,112,-6.828125,-9.7109375,4.484375,1,4
5926,113,-3.890625,-11.25,8.9921875,1,4
6062,114,-6.578125,-7.2421875,13.0234375,1,4
6086,115,-6.578125,-7.2421875,13.0234375,1,4
6115,116,-11.0625,-2.5546875,14.3671875,1,4
6130,117,-11.0625,-2.5546875,14.3671875,1,4
6164,118,-24.921875,-6.46875,17.84375,1,4
6188,119,-24.921875,-6.46875,17.84375,1,4
6212,120,-0.859375,-5.65625,9.5234375,1,4
6224,121,-0.859375,-5.65625,9.5234375,1,4
6262,122,-0.859375,-5.65625,9.5234375,1,4
6267,123,-0.859375,-5.65625,9.5234375,1,4
6283,124,-0.859375,-5.65625,9.5234375,1,4
6322,125,-5.640625,-6.2578125,6.8203125,1,4
6386,126,1.1953125,0.0234375,0.515625,1,4
6423,127,-7.3828125,5,-2.515625,1,4
6446,128,-5.1953125,11.1796875,0.40625,1,4
6469,129,-5.1953125,11.1796875,0.40625,1,4
6523,130,1.75,7.359375,8.8125,1,4
6654,131,1.1171875,-0.9921875,7.390625,1,4
6907,132,0.3203125,11.90625,-5.3671875,1,4
7063,133,17.6796875,-2.703125,-3.3984375,1,4
7096,134,3.09375,-4.3828125,-2.484375,1,4
7116,135,3.09375,-4.3828125,-2.484375,1,4
7133,136,3.09375,-4.3828125,-2.484375,1,4
7169,137,3.09375,-4.3828125,-2.484375,1,4
7196,138,-2.7734375,2.9140625,-1.6953125,1,4
7245,139,-5.265625,4.703125,-2.734375,1,4
7251,140,-5.265625,4.703125,-2.734375,1,4
7269,141,-1.46875,1.25,0.75,1,4
7275,142,-1.46875,1.25,0.75,1,4
7303,143,-1.46875,1.25,0.75,1,4
7308,144,-1.46875,1.25,0.75,1,4
7325,145,-0.03125,2.3515625,-0.8125,1,4
7341,146,-0.03125,2.3515625,-0.8125,1,4
7356,147,-0.03125,2.3515625,-0.8125,1,4
7372,148,6.890625,0.1171875,0.4765625,1,4
7417,149,5.390625,0.1484375,-2.1484375,1,4
7467,150,2.6875,-0.921875,-1.4375,1,4
7546,151,0.171875,-0.046875,-1.515625,1,4
7664,152,-2.0234375,0.9140625,-2.765625,1,4
7709,153,0.03125,0.453125,0.0625,1,4
7744,154,0.03125,0.453125,0.0625,1,4
7781,155,-0.625,-0.9375,-2.234375,1,4
7820,156,2.3125,2.2890625,-2.6640625,1,4
7922,157,-2.9140625,2.3359375,-2.859375,1,4
7975,158,-2.9609375,2.71875,-2.0390625,1,4
8003,159,-2.9609375,2.71875,-2.0390625,1,4
8052,160,-2.78125,2.421875,-2.1015625,1,4
8081,161,-2.78125,2.421875,-2.1015625,1,4
8128,162,0.5859375,-0.3203125,0.3203125,1,4
8134,163,0.5859375,-0.3203125,0.3203125,1,4
8177,164,0.25,-0.578125,0.03125,1,4
8329,165,1.1484375,0.90625,-2.3828125,1,4
8407,166,-0.6015625,-0.9296875,-2.5703125,1,4
8429,167,-0.6015625,-0.9296875,-2.5703125,1,4
8466,168,0.078125,0.2265625,-2.0625,1,4
8487,169,0.078125,0.2265625,-2.0625,1,4
8515,170,-0.9921875,0.5859375,0.28125,1,4
8542,171,0.6796875,-0.8515625,0.515625,1,4
8588,172,0.1171875,0.0546875,0.6015625,1,4
8696,173,-0.359375,0.4453125,-2.0859375,1,4
8715,174,-0.359375,0.4453125,-2.0859375,1,4
8792,175,-0.7265625,0.3984375,-2.4453125,1,4
8846,176,-0.6171875,-0.7734375,0.109375,1,4
8861,177,-0.6171875,-0.7734375,0.109375,1,4
8937,178,2.328125,-0.796875,-2.75,1,4
8981,179,0.6953125,0.7734375,-2.6875,1,4
9031,180,-2.3515625,0.125,-2.3359375,1,4
9050,181,-2.3515625,0.125,-2.3359375,1,4
9074,182,0.609375,0.6796875,-2.21875,1,4
9124,183,-2.515625,-0.484375,0.2890625,1,4
9175,184,0.3203125,0.453125,0.1015625,1,4
9271,185,2.1171875,0.0703125,-2.5234375,1,4
9279,186,2.1171875,0.0703125,-2.5234375,1,4
9334,187,-0.328125,-0.890625,0,1,4
9471,188,2.7421875,0.734375,-2.734375,1,4
9482,189,2.7421875,0.734375,-2.734375,1,4
9511,190,2.7421875,0.734375,-2.734375,1,4
9569,191,-2.2890625,0.2890625,-2.796875,1,4
9586,192,-2.2890625,0.2890625,-2.796875,1,4
9663,193,0.4921875,0.21875,-2.09375,1,4
9681,194,0.4921875,0.21875,-2.09375,1,4
9740,195,2.390625,-2.1875,-2.15625,1,4
9789,196,2.4609375,0.3359375,-2.1171875,1,4
9819,197,0.5,-0.6875,-2.6171875,1,4
9862,198,-0.96875,0.3359375,-2.6796875,1,4
9915,199,-0.234375,-0.9453125,-2.5625,1,4
9965,200,2.015625,0.71875,0.234375,1,4
10001,201,0.8359375,0.109375,0.4140625,1,4
10048,202,-0.8125,0.578125,-2.734375,1,4
10117,203,-0.46875,0.421875,-2.234375,1,4
10201,204,2.625,0.546875,-2.078125,1,4
10257,205,-0.34375,0.5,-2.75,1,4
10320,206,0.4140625,0.2109375,-2.9453125,1,4
10346,207,0.8203125,0.3203125,0.8046875,1,4
10393,208,-0.6484375,0.6015625,0.015625,1,4
10452,209,0.65625,0.9765625,-2.359375,1,4
10543,210,-0.59375,0.1875,-2.8046875,1,4
10608,211,-0.90625,0.3671875,-2.2421875,1,4
10644,212,-0.8125,0.5234375,0.1875,1,4
10670,213,-0.8125,0.5234375,0.1875,1,4
10732,214,2.2265625,0.125,0.1875,1,4
10740,215,2.2265625,0.125,0.1875,1,4
10783,216,2.5703125,0.3984375,-2.6171875,1,4
10837,217,-4.109375,0.84375,-2.9453125,1,4
10916,218,-2.28125,0.765625,-2.5,1,4
10983,219,0.5,-0.875,-2.046875,1,4
11028,220,0.90625,0.5390625,-2.046875,1,4
11048,221,0.90625,0.5390625,-2.046875,1,4
11134,222,-2.203125,0.3515625,-2.2265625,1,4
11254,223,-2.6015625,0.5,-2.5859375,1,4
11524,224,-0.578125,0.8515625,-2.2578125,1,4
11725,225,-3.5078125,-0.984375,0.3828125,1,4
11821,226,-0.734375,0.4453125,-2.2734375,1,4
11850,227,0.6640625,0.5703125,0.296875,1,4
11890,228,0.6640625,0.5703125,0.296875,1,4
11928,229,-0.5078125,0.6171875,0.015625,1,4
11952,230,-0.4765625,0.75,-2.6953125,1,4
11992,231,-0.4765625,0.75,-2.6953125,1,4
12051,232,0.5390625,0.5546875,-1.4375,1,4
12082,233,2.1328125,0.3203125,-1.3046875,1,4
12102,234,2.1328125,0.3203125,-1.3046875,1,4
12119,235,2.1328125,0.3203125,-1.3046875,1,4
12128,236,2.1328125,0.3203125,-1.3046875,1,4
12149,237,2.171875,-2.2265625,-2.2890625,1,4
12164,238,2.171875,-2.2265625,-2.2890625,1,4
12178,239,2.171875,-2.2265625,-2.2890625,1,4
12188,240,2.171875,-2.2265625,-2.2890625,1,4
12210,241,-0.859375,-2.6953125,0.3046875,1,4
12223,242,-0.859375,-2.6953125,0.3046875,1,4
12244,243,-2.1484375,-2.15625,0.1953125,1,4
12259,244,-2.1484375,-2.15625,0.1953125,1,4
12270,245,-2.1484375,-2.15625,0.1953125,1,4
12289,246,-4.4609375,0.3359375,0.0625,1,4
12337,247,-1.546875,0.5234375,0.1015625,1,4
12405,248,2.6875,-2.0703125,-2.6484375,1,4
12453,249,4.3359375,-2.125,-1.4609375,1,4
12492,250,2.6015625,0.4296875,-1.1640625,1,4
12827,251,-0.203125,0.25,0.5,1,4
12933,252,-0.0234375,0.8125,-2.7578125,1,4
13094,253,0.8515625,-2.015625,-2.6875,1,4
13139,254,-2.875,0.2109375,0.2890625,1,4
13170,255,-2.2109375,0.4453125,0.5625,1,4
13210,256,-2.2109375,0.4453125,0.5625,1,4
13263,257,-2.4375,0.4765625,0.15625,1,4
13275,258,0.5625,0.296875,-2.3671875,1,4
13302,259,0.5625,0.296875,-2.3671875,1,4
13327,260,2.1328125,0.484375,-2.5625,1,4
13369,261,2.0234375,0.25,-2.3984375,1,4
13465,262,-0.3203125,0.2890625,-2.4921875,1,4
13517,263,0.0078125,0.3828125,-2.2890625,1,4
13545,264,0.0078125,0.3828125,-2.2890625,1,4
13642,265,-0.203125,0.2265625,-2.21875,1,4
13687,266,0.921875,0.0859375,-2.5390625,1,4
13724,267,0.203125,0.4765625,-2.9375,1,4
13792,268,0.125,0.40625,-2.546875,1,4
13866,269,-2.21875,0.25,0.296875,1,4
13915,270,-2.1015625,0.53125,0.2734375,1,4
13939,271,-2.1015625,0.53125,0.2734375,1,4
13964,272,-0.2421875,0.3671875,-2.578125,1,4
13992,273,-0.2421875,0.3671875,-2.578125,1,4
14016,274,-0.2421875,0.3671875,-2.578125,1,4
14042,275,-0.2421875,0.3671875,-2.578125,1,4
14094,276,2.1875,0.1171875,-2.7421875,1,4
14131,277,2.1875,0.1171875,-2.7421875,1,4
14162,278,2.1875,0.1171875,-2.7421875,1,4
14186,279,2.1875,0.1171875,-2.7421875,1,4
14222,280,-2.2265625,0.609375,-2.4296875,1,4
14294,281,0.578125,0.375,-2.3046875,1,4
14311,282,0.578125,0.375,-2.3046875,1,4
14456,283,0.7890625,0.2421875,-2.65625,1,4
14466,284,0.7890625,0.2421875,-2.65625,1,4
14508,285,2.171875,0.265625,-2.4921875,1,4
14568,286,-0.421875,0.15625,-2.0625,1,4
14670,287,-0.6875,0.7578125,-2.4140625,1,4
14688,288,4.6796875,-2.5078125,-2.890625,1,4
14739,289,14.0625,-6.6171875,-0.4140625,1,4
14772,290,14.0625,-6.6171875,-0.4140625,1,4
14801,291,-13.34375,-11.7109375,-0.9765625,1,4
14851,292,-12.1484375,-9.4453125,1.3046875,1,4
14960,293,-2.0703125,0.2265625,5.4921875,1,4
15013,294,0.90625,0.6875,8.8203125,1,4
43,1,-90.33333587646484,9,29.33333396911621,2,4
276,2,-90.66666412353516,8.666666984558106,31.33333396911621,2,4
314,3,-91,7.666666507720947,31.83333396911621,2,4
366,4,-87.16666412353516,10.66666698455811,30.5,2,4
403,5,-87.16666412353516,10.66666698455811,30.5,2,4
478,6,-89.5,7.5,31.33333396911621,2,4
529,7,-87.16666412353516,7.5,29.66666603088379,2,4
602,8,-85.66666412353516,8.166666984558106,30.16666603088379,2,4
675,9,-85.83333587646484,8.833333015441895,31.5,2,4
700,10,-86.33333587646484,9,30.16666603088379,2,4
732,11,-86.33333587646484,9,30.16666603088379,2,4
794,12,-87,8.833333015441895,31,2,4
818,13,-86.66666412353516,8.5,33,2,4
845,14,-85.66666412353516,9.5,32.33333206176758,2,4
863,15,-85.66666412353516,9.5,32.33333206176758,2,4
877,16,-85.66666412353516,9.5,32.33333206176758,2,4
889,17,-86.33333587646484,10.66666698455811,32.33333206176758,2,4
907,18,-86.33333587646484,10.66666698455811,32.33333206176758,2,4
936,19,-87.33333587646484,12.8333330154419,31.5,2,4
984,20,-87,11.16666698455811,31.5,2,4
1043,21,-85.83333587646484,11.16666698455811,31,2,4
1100,22,-87.33333587646484,12,32.16666793823242,2,4
1147,23,-86.83333587646484,10.16666698455811,32.33333206176758,2,4
1182,24,-86.66666412353516,14.8333330154419,31.5,2,4
1254,25,-85.66666412353516,13,32.83333206176758,2,4
1349,26,-42.5,12.16666698455811,34,2,4
1401,27,-34.66666793823242,15,42.33333206176758,2,4
1559,28,-37.5,14.5,37.66666793823242,2,4
1692,29,-37.5,14.5,40.83333206176758,2,4
1741,30,-35.33333206176758,13.5,85.5,2,4
1773,31,-33.33333206176758,15.16666698455811,42.16666793823242,2,4
1798,32,-33.33333206176758,15.16666698455811,42.16666793823242,2,4
1854,33,-34.33333206176758,15,88,2,4
1881,34,-35.33333206176758,16.66666603088379,87.5,2,4
1892,35,-35.33333206176758,16.66666603088379,87.5,2,4
1920,36,-33.83333206176758,16.5,87.66666412353516,2,4
1985,37,-33.66666793823242,17.16666603088379,89,2,4
2053,38,-33.66666793823242,16,90.5,2,4
2127,39,-33.33333206176758,17.16666603088379,90.83333587646484,2,4
2209,40,-31.5,19,93.33333587646484,2,4
2318,41,-33.5,17,96.83333587646484,2,4
2509,42,-28,-21.33333396911621,105.1666641235352,2,4
2533,43,-28,-21.33333396911621,105.1666641235352,2,4
2555,44,-21.83333396911621,-18.83333396911621,75.33333587646484,2,4
2581,45,-21.83333396911621,-18.83333396911621,75.33333587646484,2,4
2587,46,-21.83333396911621,-18.83333396911621,75.33333587646484,2,4
2614,47,-21.83333396911621,-18.83333396911621,75.33333587646484,2,4
2674,48,-32.33333206176758,-12.66666698455811,133.5,2,4
2698,49,-40,-13.3333330154419,135.5,2,4
2705,50,-40,-13.3333330154419,135.5,2,4
2758,51,-35.83333206176758,-15.8333330154419,144.1666717529297,2,4
2824,52,-34.66666793823242,-16.66666603088379,148.3333282470703,2,4
2831,53,-34.66666793823242,-16.66666603088379,148.3333282470703,2,4
2855,54,-29.83333396911621,-16,112,2,4
2869,55,-29.83333396911621,-16,112,2,4
2881,56,-33.83333206176758,-19.83333396911621,112.5,2,4
2896,57,-33.83333206176758,-19.83333396911621,112.5,2,4
2917,58,-33.83333206176758,-19.83333396911621,112.5,2,4
2935,59,-36.83333206176758,-20.83333396911621,112.6666641235352,2,4
2983,60,-40.33333206176758,19.83333396911621,109.6666641235352,2,4
3106,61,-41.5,-19.16666603088379,109.3333358764648,2,4
3112,62,-41.5,-19.16666603088379,109.3333358764648,2,4
3140,63,-35.83333206176758,20.83333396911621,110.6666641235352,2,4
3178,64,-35.5,-18.16666603088379,110.1666641235352,2,4
3230,65,-31.66666603088379,-18.33333396911621,110.8333358764648,2,4
3285,66,-28,-18.66666603088379,111.3333358764648,2,4
3362,67,-24.5,-17,110.1666641235352,2,4
3470,68,-23.33333396911621,-15,107.5,2,4
3570,69,-22.83333396911621,-14.16666698455811,108.3333358764648,2,4
3671,70,-23.33333396911621,-13,107.1666641235352,2,4
3823,71,-24,-11.8333330154419,109.5,2,4
3987,72,-63.66666793823242,-14.16666698455811,112.5,2,4
4081,73,-22.5,-16.16666603088379,112.8333358764648,2,4
4154,74,-22.5,-15.5,114.8333358764648,2,4
4194,75,-22.5,-17,115.1666641235352,2,4
4237,76,-21.83333396911621,-16,115.8333358764648,2,4
4344,77,-63.83333206176758,-13.3333330154419,115.8333358764648,2,4
4408,78,-62.83333206176758,-11.5,112.1666641235352,2,4
4425,79,-62.83333206176758,-11.5,112.1666641235352,2,4
4496,80,-62.83333206176758,-11.5,112.1666641235352,2,4
4592,81,-63.66666793823242,-13,111.8333358764648,2,4
4699,82,-21.66666603088379,-13,111,2,4
4741,83,-22.66666603088379,-12,112.3333358764648,2,4
4766,84,-62.83333206176758,-12.3333330154419,111.8333358764648,2,4
4792,85,-23.5,-10.8333330154419,110.8333358764648,2,4
4815,86,-23.5,-10.8333330154419,110.8333358764648,2,4
4865,87,-63.33333206176758,-12,112,2,4
4887,88,-21.66666603088379,-11.8333330154419,113.3333358764648,2,4
4916,89,-21.66666603088379,-11.8333330154419,113.3333358764648,2,4
4921,90,-21.66666603088379,-11.8333330154419,113.3333358764648,2,4
4936,91,-63,-13.66666698455811,110.5,2,4
4952,92,-63,-13.66666698455811,110.5,2,4
4972,93,-63,-13.66666698455811,110.5,2,4
4991,94,-63,-13.66666698455811,110.5,2,4
5033,95,-63,-13.66666698455811,110.5,2,4
5130,96,-62.66666793823242,-12,111.5,2,4
5163,97,-63.83333206176758,-12,111.1666641235352,2,4
5244,98,-63.83333206176758,-12,109.6666641235352,2,4
5302,99,-62.83333206176758,-11,110.6666641235352,2,4
5359,100,-64,-12.3333330154419,112.1666641235352,2,4
5371,101,-64,-12.3333330154419,112.1666641235352,2,4
5411,102,-64,-12.3333330154419,112.1666641235352,2,4
5423,103,-21.5,-14,110.8333358764648,2,4
5473,104,-23.5,-12.8333330154419,110.8333358764648,2,4
5530,105,-23.5,-12.8333330154419,110.8333358764648,2,4
5617,106,-22.66666603088379,-11.66666698455811,110,2,4
5695,107,-22.33333396911621,-12.5,111.1666641235352,2,4
5795,108,-22.16666603088379,-11.8333330154419,111,2,4
5807,109,-22.16666603088379,-11.8333330154419,111,2,4
5843,110,-21.83333396911621,-12.5,107.8333358764648,2,4
5882,111,-22.66666603088379,-12.8333330154419,109.6666641235352,2,4
5886,112,-22.66666603088379,-12.8333330154419,109.6666641235352,2,4
5931,113,-63,-12.8333330154419,110,2,4
6066,114,-21.5,-12.8333330154419,110,2,4
6089,115,-21.5,-12.8333330154419,110,2,4
6117,116,-21.66666603088379,-14.66666698455811,114.5,2,4
6133,117,-21.66666603088379,-14.66666698455811,114.5,2,4
6166,118,-23.66666603088379,-14.66666698455811,112.5,2,4
6191,119,-23.66666603088379,-14.66666698455811,112.5,2,4
6214,120,-23.16666603088379,-13.66666698455811,111.5,2,4
6226,121,-23.16666603088379,-13.66666698455811,111.5,2,4
6263,122,-23.16666603088379,-13.66666698455811,111.5,2,4
6269,123,-23.16666603088379,-13.66666698455811,111.5,2,4
6285,124,-23.16666603088379,-13.66666698455811,111.5,2,4
6326,125,-21.83333396911621,-10.8333330154419,112.6666641235352,2,4
6390,126,-63,-10.8333330154419,111.1666641235352,2,4
6426,127,-23.16666603088379,-14,110.8333358764648,2,4
6449,128,-23.66666603088379,-13.8333330154419,112.5,2,4
6471,129,-23.66666603088379,-13.8333330154419,112.5,2,4
6535,130,-22.33333396911621,-12,111.1666641235352,2,4
6691,131,-21.83333396911621,-12,110.5,2,4
6926,132,-23.66666603088379,-11.8333330154419,109.8333358764648,2,4
7065,133,-22.66666603088379,-11.66666698455811,108.5,2,4
7101,134,-23.33333396911621,-10.3333330154419,108.3333358764648,2,4
7118,135,-23.33333396911621,-10.3333330154419,108.3333358764648,2,4
7135,136,-23.33333396911621,-10.3333330154419,108.3333358764648,2,4
7172,137,-23.33333396911621,-10.3333330154419,108.3333358764648,2,4
7199,138,-24.33333396911621,-11.3333330154419,108.8333358764648,2,4
7247,139,-24,-9.833333015441895,108.3333358764648,2,4
7253,140,-24,-9.833333015441895,108.3333358764648,2,4
7271,141,-24.5,-11,107.5,2,4
7277,142,-24.5,-11,107.5,2,4
7305,143,-24.5,-11,107.5,2,4
7310,144,-24.5,-11,107.5,2,4
7327,145,-24.5,-10.3333330154419,108.3333358764648,2,4
7343,146,-24.5,-10.3333330154419,108.3333358764648,2,4
7357,147,-24.5,-10.3333330154419,108.3333358764648,2,4
7374,148,-25.83333396911621,-10.8333330154419,107.8333358764648,2,4
7419,149,-24.83333396911621,-11.5,108.3333358764648,2,4
7472,150,-24.66666603088379,-12.5,107,2,4
7569,151,-24.33333396911621,-11.66666698455811,148.8333282470703,2,4
7668,152,-26,-11,107.5,2,4
7712,153,-23.33333396911621,-9.833333015441895,107.5,2,4
7747,154,-23.33333396911621,-9.833333015441895,107.5,2,4
7785,155,-25.16666603088379,-13,107.5,2,4
7826,156,-24.83333396911621,-11,107.5,2,4
7927,157,-23.83333396911621,-12,108.5,2,4
7979,158,-23.83333396911621,-10.5,148.5,2,4
8005,159,-23.83333396911621,-10.5,148.5,2,4
8057,160,-23.33333396911621,-11,108.6666641235352,2,4
8084,161,-23.33333396911621,-11,108.6666641235352,2,4
8130,162,-24.66666603088379,-11.66666698455811,107.3333358764648,2,4
8136,163,-24.66666603088379,-11.66666698455811,107.3333358764648,2,4
8181,164,-25.5,-10.16666698455811,112,2,4
8342,165,-22.66666603088379,-8.166666984558106,108.5,2,4
8411,166,-22.5,-10.66666698455811,108.6666641235352,2,4
8432,167,-22.5,-10.66666698455811,108.6666641235352,2,4
8469,168,-24.5,-11.8333330154419,107.5,2,4
8491,169,-24.5,-11.8333330154419,107.5,2,4
8518,170,-23.83333396911621,-11.3333330154419,148.8333282470703,2,4
8546,171,-24.66666603088379,-9.666666984558106,148.8333282470703,2,4
8591,172,-23.33333396911621,-11,107.1666641235352,2,4
8701,173,-23.33333396911621,-9.833333015441895,107.5,2,4
8731,174,-23.33333396911621,-9.833333015441895,107.5,2,4
8797,175,-22.16666603088379,-11,107.5,2,4
8850,176,-23.5,-11.3333330154419,107.3333358764648,2,4
8865,177,-23.5,-11.3333330154419,107.3333358764648,2,4
8947,178,-23.5,-9.666666984558106,107.3333358764648,2,4
8986,179,-23.33333396911621,-10.66666698455811,107.1666641235352,2,4
9033,180,-24.5,-12.3333330154419,148.6666717529297,2,4
9052,181,-24.5,-12.3333330154419,148.6666717529297,2,4
9076,182,-25.83333396911621,-10.16666698455811,107.8333358764648,2,4
9127,183,-24.66666603088379,-8.166666984558106,148.8333282470703,2,4
9177,184,-22.66666603088379,-12.5,107,2,4
9274,185,-25.66666603088379,-12.3333330154419,107.5,2,4
9281,186,-25.66666603088379,-12.3333330154419,107.5,2,4
9342,187,-25.5,-10.16666698455811,148.1666717529297,2,4
9474,188,-24,-12.3333330154419,148.3333282470703,2,4
9485,189,-24,-12.3333330154419,148.3333282470703,2,4
9515,190,-24,-12.3333330154419,148.3333282470703,2,4
9575,191,-26.16666603088379,-10.8333330154419,107,2,4
9590,192,-26.16666603088379,-10.8333330154419,107,2,4
9664,193,-23.33333396911621,-11.5,148.6666717529297,2,4
9683,194,-23.33333396911621,-11.5,148.6666717529297,2,4
9754,195,-24.5,-10.3333330154419,148.6666717529297,2,4
9792,196,-24.5,-11.8333330154419,107.1666641235352,2,4
9825,197,-24.33333396911621,-10.16666698455811,109.6666641235352,2,4
9864,198,-23.33333396911621,-11.5,106.8333358764648,2,4
9922,199,-24.83333396911621,-9.5,148,2,4
9967,200,-24.66666603088379,-11.66666698455811,107.8333358764648,2,4
10003,201,-24.83333396911621,-12.66666698455811,107.1666641235352,2,4
10050,202,-22.66666603088379,-10.5,107.8333358764648,2,4
10123,203,-24,-11,108,2,4
10208,204,-23.83333396911621,-8.833333015441895,108.1666641235352,2,4
10261,205,-24,-11,107.1666641235352,2,4
10322,206,-24.33333396911621,-10.16666698455811,148.5,2,4
10349,207,-23.66666603088379,-11,106.8333358764648,2,4
10395,208,-22.16666603088379,-10.3333330154419,107.1666641235352,2,4
10457,209,-24.66666603088379,-11.3333330154419,107.3333358764648,2,4
10552,210,-23.66666603088379,-11,149.1666717529297,2,4
10611,211,-26,-11,106.8333358764648,2,4
10647,212,-24.83333396911621,-11.8333330154419,107.5,2,4
10672,213,-24.83333396911621,-11.8333330154419,107.5,2,4
10735,214,-25.16666603088379,-9.166666984558106,107.1666641235352,2,4
10742,215,-25.16666603088379,-9.166666984558106,107.1666641235352,2,4
10786,216,-23.16666603088379,-11.3333330154419,106.6666641235352,2,4
10843,217,-24.66666603088379,-11.66666698455811,107,2,4
10922,218,-25.5,-11.66666698455811,107.8333358764648,2,4
10989,219,-24.5,-10.3333330154419,106.8333358764648,2,4
11030,220,-24.83333396911621,-11,148.6666717529297,2,4
11052,221,-24.83333396911621,-11,148.6666717529297,2,4
11146,222,-23.16666603088379,-10.8333330154419,106.6666641235352,2,4
11293,223,-25,-11.66666698455811,107.3333358764648,2,4
11545,224,-25.66666603088379,-11.5,148.3333282470703,2,4
11769,225,-24.5,-9.833333015441895,106.8333358764648,2,4
11823,226,-24.83333396911621,-10.66666698455811,106.8333358764648,2,4
11852,227,-25.16666603088379,-10.3333330154419,148.3333282470703,2,4
11894,228,-25.16666603088379,-10.3333330154419,148.3333282470703,2,4
11931,229,-22.66666603088379,-10.16666698455811,107.8333358764648,2,4
11956,230,-22.5,-12.3333330154419,108,2,4
11994,231,-22.5,-12.3333330154419,108,2,4
12053,232,-24.83333396911621,-10.3333330154419,148.6666717529297,2,4
12084,233,-24.83333396911621,-9.166666984558106,108.3333358764648,2,4
12104,234,-24.83333396911621,-9.166666984558106,108.3333358764648,2,4
12120,235,-24.83333396911621,-9.166666984558106,108.3333358764648,2,4
12129,236,-24.83333396911621,-9.166666984558106,108.3333358764648,2,4
12150,237,-24,-9.833333015441895,109.5,2,4
12166,238,-24,-9.833333015441895,109.5,2,4
12179,239,-24,-9.833333015441895,109.5,2,4
12189,240,-24,-9.833333015441895,109.5,2,4
12211,241,-23.5,-10.8333330154419,108.8333358764648,2,4
12224,242,-23.5,-10.8333330154419,108.8333358764648,2,4
12245,243,-23.83333396911621,-11.3333330154419,107,2,4
12260,244,-23.83333396911621,-11.3333330154419,107,2,4
12271,245,-23.83333396911621,-11.3333330154419,107,2,4
12290,246,-23.16666603088379,-10.8333330154419,107,2,4
12339,247,-24.5,-10.3333330154419,148.6666717529297,2,4
12408,248,-23.66666603088379,-9.833333015441895,148.3333282470703,2,4
12454,249,-22.83333396911621,-11,148.6666717529297,2,4
12495,250,-25.5,-10.16666698455811,107.8333358764648,2,4
12841,251,-24.33333396911621,-10.5,147.8333282470703,2,4
12939,252,-24.5,-9.833333015441895,148.6666717529297,2,4
13098,253,-25.5,-10.16666698455811,148.8333282470703,2,4
13141,254,-24.83333396911621,-8.666666984558106,107.1666641235352,2,4
13173,255,-24,-9.5,148.6666717529297,2,4
13214,256,-24,-9.5,148.6666717529297,2,4
13266,257,-23.33333396911621,-11,107.1666641235352,2,4
13277,258,-24.33333396911621,-8.5,106.6666641235352,2,4
13304,259,-24.33333396911621,-8.5,106.6666641235352,2,4
13330,260,-25,-10.5,107.3333358764648,2,4
13372,261,-23.66666603088379,-11,106.8333358764648,2,4
13469,262,-25,-10.16666698455811,108.1666641235352,2,4
13519,263,-22.66666603088379,-12,106.6666641235352,2,4
13548,264,-22.66666603088379,-12,106.6666641235352,2,4
13645,265,-25.5,-10.8333330154419,148.1666717529297,2,4
13689,266,-24.5,-10.66666698455811,106.8333358764648,2,4
13727,267,-24.66666603088379,-10.16666698455811,148.8333282470703,2,4
13798,268,-24.66666603088379,-11.66666698455811,148.5,2,4
13870,269,-23.83333396911621,-12.5,107.8333358764648,2,4
13917,270,-23.66666603088379,-12.66666698455811,108,2,4
13942,271,-23.66666603088379,-12.66666698455811,108,2,4
13966,272,-25.5,-11.66666698455811,107.8333358764648,2,4
13994,273,-25.5,-11.66666698455811,107.8333358764648,2,4
14018,274,-25.5,-11.66666698455811,107.8333358764648,2,4
14045,275,-25.5,-11.66666698455811,107.8333358764648,2,4
14097,276,-25,-9.666666984558106,108.1666641235352,2,4
14135,277,-25,-9.666666984558106,108.1666641235352,2,4
14164,278,-25,-9.666666984558106,108.1666641235352,2,4
14188,279,-25,-9.666666984558106,108.1666641235352,2,4
14225,280,-22.83333396911621,-9.833333015441895,106.8333358764648,2,4
14299,281,-24.66666603088379,-9.666666984558106,148.5,2,4
14314,282,-24.66666603088379,-9.666666984558106,148.5,2,4
14458,283,-24.5,-11,106.8333358764648,2,4
14469,284,-24.5,-11,106.8333358764648,2,4
14510,285,-24.83333396911621,-10.66666698455811,147.5,2,4
14582,286,-23.66666603088379,-10.66666698455811,147.5,2,4
14673,287,-24.83333396911621,-9.833333015441895,149.1666717529297,2,4
14693,288,-23.66666603088379,-11,107.5,2,4
14742,289,-25.66666603088379,-11,149.1666717529297,2,4
14776,290,-25.66666603088379,-11,149.1666717529297,2,4
14804,291,-25.5,-11.3333330154419,107,2,4
14855,292,-24.66666603088379,-14,106.6666641235352,2,4
14962,293,-24,-8.666666984558106,106.8333358764648,2,4
15021,294,-23.83333396911621,-10.5,108.1666641235352,2,4
