% Universidad de Malaga - ETSI de Telecomunicacion (Spain)
% Date: 2016-06-13_20:34:55
% ID: Subject_02_ADL_Sitting_GettingUpOnAChair_1
% Name: Subject_02
% Age: 22
% Height(cm): 167
% Weight(Kg): 63
% Gender: F

% Type of Movement: ADL
% Type of Movement: FALSE
% Description of the movement: Sitting_GettingUpOnAChair
% Trial: 1

% Number of Sensors: 5

% Used Smartphone: LGE-lge-LG-H815-5.1
% Smartphone's Accelerometer: LGE Accelerometer - Vendor: BOSCH
% --> Version: 1
% --> Min - Max Delay: 5000us - 65535000us
% --> Maximum Range: 16.000000263891405 G
% --> Resolution: 1.2136514986004396E-4 G

% SensorTag's Accelerometer: MPU-9250 MEMS MotionTracking Device - Invensense
% --> Maximum Range: 16 G
% --> Resolution: 0.00024 G

% MAC Address, Sensor_ID, Position, Device Model
%f8:95:c7:f3:ba:82, 0, RIGHTPOCKET, lge-LG-H815-5.1
%C4:BE:84:71:A5:02, 2, WAIST, SensorTag
%C4:BE:84:70:0E:80, 3, WRIST, SensorTag
%B0:B4:48:B8:77:03, 4, ANKLE, SensorTag
%C4:BE:84:70:64:8A, 1, CHEST, SensorTag

% Sensor_Type:
% Accelerometer = 0
% Gyroscope = 1
% Magnetometer = 2


% TimeStamp, Sample No, X-Axis, Y-Axis, Z-Axis, Sensor Type, Sensor ID,
105,1,-0.03511684015393257,0.9519340395927429,0.00279285479336977,0,0
105,2,-0.03487256541848183,0.9532767534255981,0.00279285479336977,0,0
105,3,-0.03780233860015869,0.9530324935913086,0.004989796783775091,0,0
105,4,-0.03877789154648781,0.9499797821044922,0.0008401902741752565,0,0
105,5,-0.03633667156100273,0.950102686882019,0.003158492967486382,0,0
105,6,-0.03633667156100273,0.9505912661552429,0.001450106152333319,0,0
105,7,-0.03767942264676094,0.9504683613777161,-0.000746835779864341,0,0
105,8,-0.03694658726453781,0.9493699073791504,-0.0006254749605432153,0,0
105,9,-0.03658095002174377,0.9483942985534668,0.002427216386422515,0,0
105,10,-0.03499392420053482,0.950102686882019,0.001328745391219854,0,0
105,11,-0.03597103431820869,0.9502241015434265,-0.0001369199017062783,0,0
105,12,-0.03548248112201691,0.9505912661552429,-0.0001369199017062783,0,0
105,13,-0.03584811836481094,0.9485157132148743,0.001694383681751788,0,0
105,14,-0.03890081122517586,0.951445460319519,0.001084467861801386,0,0
105,15,-0.03487256541848183,0.9491255879402161,0.0004729960055556148,0,0
105,16,-0.03474964573979378,0.9508355259895325,0.00340277049690485,0,0
105,17,-0.03450537100434303,0.9549851417541504,0.002914215438067913,0,0
105,18,-0.03462828695774078,0.9521782994270325,0.003769964911043644,0,0
105,19,-0.03340689837932587,0.952422559261322,0.005599712487310171,0,0
106,20,-0.03279698267579079,0.9510798454284668,0.007431016303598881,0,0
106,21,-0.03487256541848183,0.9518110752105713,0.004745519254356623,0,0
115,22,-0.03487256541848183,0.9541309475898743,0.004501241724938154,0,0
115,23,-0.03536111861467362,0.9548637866973877,0.006576822604984045,0,0
121,24,-0.03377409279346466,0.9588920474052429,0.007919571362435818,0,0
130,25,-0.03462828695774078,0.9538866877555847,0.01097070705145598,0,0
130,26,-0.03548248112201691,0.9529095888137817,0.007919571362435818,0,0
135,27,-0.03804661706089973,0.9540080428123474,0.009262319654226303,0,0
142,28,-0.0374351441860199,0.9540080428123474,0.009627957828342915,0,0
149,29,-0.03780233860015869,0.9530324935913086,0.00523407431319356,0,0
154,30,-0.04048783704638481,0.9552294015884399,0.00914095900952816,0,0
156,31,-0.03865653276443481,0.9549851417541504,0.007065377663820982,0,0
163,32,-0.03963208571076393,0.9531538486480713,0.006699739489704371,0,0
167,33,-0.03999928012490273,0.9504683613777161,0.007553932722657919,0,0
170,34,-0.04134202748537064,0.9522996544837952,0.008529487065970898,0,0
176,35,-0.03828933835029602,0.951445460319519,0.009383680298924446,0,0
181,36,-0.03767942264676094,0.9497370719909668,0.01097070705145598,0,0
185,37,-0.03719086572527885,0.9485157132148743,0.01145926211029291,0,0
190,38,-0.03633667156100273,0.945464551448822,0.01097070705145598,0,0
195,39,-0.03426109254360199,0.9470515847206116,0.01268064975738525,0,0
203,40,-0.03621531277894974,0.9485157132148743,0.01561042387038469,0,0
208,41,-0.03450537100434303,0.9479057788848877,0.01451195310801268,0,0
211,42,-0.03511684015393257,0.9496141672134399,0.01097070705145598,0,0
219,43,-0.0340183712542057,0.948637068271637,0.009262319654226303,0,0
221,44,-0.03352981433272362,0.950102686882019,0.01219209469854832,0,0
226,45,-0.03194278851151466,0.9502241015434265,0.00975087471306324,0,0
231,46,-0.02852446027100086,0.9470515847206116,0.009627957828342915,0,0
236,47,-0.0326756201684475,0.9480271339416504,0.008773764595389366,0,0
241,48,-0.03133287280797958,0.9480271339416504,0.00914095900952816,0,0
246,49,-0.03035576269030571,0.9493699073791504,0.009262319654226303,0,0
252,50,-0.03328553959727287,0.9479057788848877,0.009995152242481709,0,0
258,51,-0.02999012544751167,0.9492484927177429,0.008773764595389366,0,0
261,52,-0.02767026610672474,0.948637068271637,0.01036079041659832,0,0
268,53,-0.02925729192793369,0.946807324886322,0.007553932722657919,0,0
272,54,-0.03145423531532288,0.9508355259895325,0.006088267546147108,0,0
276,55,-0.02876873686909676,0.9476615190505981,0.004989796783775091,0,0
281,56,-0.02937865257263184,0.9497370719909668,0.003769964911043644,0,0
286,57,-0.02937865257263184,0.9516897201538086,0.006455461960285902,0,0
292,58,-0.03084431774914265,0.9532767534255981,0.007186738774180412,0,0
297,59,-0.02486340887844563,0.9529095888137817,0.007431016303598881,0,0
303,60,-0.02596187964081764,0.9504683613777161,0.009383680298924446,0,0
307,61,-0.03096567839384079,0.9482713937759399,0.01023942977190018,0,0
312,62,-0.03108859620988369,0.9541309475898743,0.0128020104020834,0,0
318,63,-0.02596187964081764,0.9570607542991638,0.009872235357761383,0,0
322,64,-0.02730462700128555,0.9554737210273743,0.01255773287266493,0,0
327,65,-0.0222992729395628,0.9543752670288086,0.01231345534324646,0,0
332,66,-0.0222992729395628,0.9525439143180847,0.008163848891854286,0,0
338,67,-0.02217791043221951,0.9554737210273743,0.01292492728680372,0,0
342,68,-0.02120080031454563,0.9574263691902161,0.0128020104020834,0,0
351,69,-0.01729391701519489,0.9553508162498474,0.007798210252076387,0,0
352,70,-0.01912521943449974,0.9557179808616638,0.01402339804917574,0,0
361,71,-0.01949241384863854,0.9538866877555847,0.008408126421272755,0,0
365,72,-0.01631836220622063,0.9548637866973877,0.01499895192682743,0,0
367,73,-0.01680691726505756,0.9529095888137817,0.01219209469854832,0,0
372,74,-0.01973669230937958,0.9518110752105713,0.01048370730131865,0,0
377,75,-0.01680691726505756,0.952788233757019,0.0135348429903388,0,0
382,76,-0.01973669230937958,0.9525439143180847,0.006821100134402514,0,0
387,77,-0.01814966648817062,0.9522996544837952,0.01048370730131865,0,0
392,78,-0.01753819361329079,0.9509568810462952,0.008042488247156143,0,0
400,79,-0.02034660801291466,0.9549851417541504,0.0128020104020834,0,0
406,80,-0.02010232955217362,0.954252302646637,0.009995152242481709,0,0
411,81,-0.02156643941998482,0.9554737210273743,0.01121498458087444,0,0
415,82,-0.02217791043221951,0.9529095888137817,0.01219209469854832,0,0
418,83,-0.02730462700128555,0.952788233757019,0.007798210252076387,0,0
423,84,-0.02657179534435272,0.9566935300827026,0.01084934547543526,0,0
428,85,-0.0271817110478878,0.9553508162498474,0.01170353963971138,0,0
433,86,-0.02852446027100086,0.9553508162498474,0.01219209469854832,0,0
438,87,-0.03011148609220982,0.953765332698822,0.01438903622329235,0,0
443,88,-0.03096567839384079,0.9526652693748474,0.01109362300485373,0,0
449,89,-0.03096567839384079,0.9544966220855713,0.008042488247156143,0,0
454,90,-0.03133287280797958,0.9520553946495056,0.01316920481622219,0,0
460,91,-0.0326756201684475,0.9553508162498474,0.01536614634096623,0,0
464,92,-0.03438400849699974,0.9536424279212952,0.01390048116445541,0,0
468,93,-0.03377409279346466,0.9505912661552429,0.0135348429903388,0,0
473,94,-0.03377409279346466,0.9504683613777161,0.007431016303598881,0,0
478,95,-0.02864737622439861,0.9513225555419922,0.009018042124807835,0,0
483,96,-0.03133287280797958,0.9464401006698608,0.006455461960285902,0,0
488,97,-0.032308429479599,0.9463187456130981,0.004379880614578724,0,0
493,98,-0.03291834518313408,0.9471729397773743,0.005112713202834129,0,0
502,99,-0.03084431774914265,0.946807324886322,0.005966906901448965,0,0
507,100,-0.03023440204560757,0.9503470063209534,0.008408126421272755,0,0
509,101,-0.02950157038867474,0.9475385546684265,0.002548577031120658,0,0
514,102,-0.02693743444979191,0.9464401006698608,0.001938661211170256,0,0
518,103,-0.02815882116556168,0.9529095888137817,0.005722629372030497,0,0
524,104,-0.03035576269030571,0.9521782994270325,0.006576822604984045,0,0
529,105,-0.02828018181025982,0.9491255879402161,0.008652403950691223,0,0
533,106,-0.03255270421504974,0.9519340395927429,0.007553932722657919,0,0
539,107,-0.03291834518313408,0.9533981084823608,0.008285209536552429,0,0
549,108,-0.03023440204560757,0.9507126212120056,0.003891325555741787,0,0
549,109,-0.03365117684006691,0.9512012004852295,0.005722629372030497,0,0
555,110,-0.03352981433272362,0.9487599730491638,0.006576822604984045,0,0
560,111,-0.03450537100434303,0.9496141672134399,0.008529487065970898,0,0
564,112,-0.03828933835029602,0.9516897201538086,0.006088267546147108,0,0
569,113,-0.03767942264676094,0.9498584270477295,0.00340277049690485,0,0
574,114,-0.03145423531532288,0.9507126212120056,0.005966906901448965,0,0
579,115,-0.03926644846796989,0.9464401006698608,-0.0009911133674904704,0,0
584,116,-0.03975500166416168,0.9448530673980713,0.0001073576422641054,0,0
589,117,-0.03377409279346466,0.9481500387191773,0.01390048116445541,0,0
595,118,-0.03316261991858482,0.9464401006698608,-0.0006254749605432153,0,0
599,119,-0.03462828695774078,0.944121778011322,-0.007339217700064182,0,0
605,120,-0.03706950694322586,0.9532767534255981,0.01023942977190018,0,0
611,121,-0.03169851005077362,0.9505912661552429,0.008773764595389366,0,0
614,122,-0.03157715126872063,0.9446103572845459,-0.007460578344762325,0,0
619,123,-0.03096567839384079,0.9507126212120056,0.008652403950691223,0,0
624,124,-0.02925729192793369,0.9573050141334534,0.01792872697114945,0,0
629,125,-0.03828933835029602,0.9436332583427429,-0.008559049107134342,0,0
634,126,-0.03304126113653183,0.9466843605041504,-0.003555249655619264,0,0
644,127,-0.03181987255811691,0.9530324935913086,0.01853864267468453,0,0
648,128,-0.03108859620988369,0.9496141672134399,0.002671493915840983,0,0
654,129,-0.03316261991858482,0.9469286799430847,-0.009168965741991997,0,0
658,130,-0.03572675585746765,0.9519340395927429,0.01109362300485373,0,0
659,131,-0.03218706697225571,0.950102686882019,0.007553932722657919,0,0
664,132,-0.03108859620988369,0.9453416466712952,-0.01222165673971176,0,0
670,133,-0.03499392420053482,0.9479057788848877,0.00340277049690485,0,0
674,134,-0.03462828695774078,0.9531538486480713,0.00914095900952816,0,0
679,135,-0.03023440204560757,0.9463187456130981,-0.004165165591984987,0,0
685,136,-0.03340689837932587,0.9460744857788086,-0.002943777712062001,0,0
693,137,-0.032308429479599,0.9522996544837952,0.009018042124807835,0,0
697,138,-0.032308429479599,0.9490042328834534,-0.0005025582504458726,0,0
702,139,-0.03255270421504974,0.9482713937759399,-0.001845306716859341,0,0
708,140,-0.0307214017957449,0.9508355259895325,0.008408126421272755,0,0
711,141,-0.03523820266127586,0.9498584270477295,0.003769964911043644,0,0
715,142,-0.0307214017957449,0.9487599730491638,-0.003555249655619264,0,0
720,143,-0.03340689837932587,0.9516897201538086,0.001938661211170256,0,0
725,144,-0.03426109254360199,0.9547408819198608,0.006821100134402514,0,0
730,145,-0.0290130153298378,0.9538866877555847,0.001084467861801386,0,0
735,146,-0.02974584698677063,0.952788233757019,0.003037132322788239,0,0
746,147,-0.03096567839384079,0.9513225555419922,0.001571467029862106,0,0
746,148,-0.02864737622439861,0.9490042328834534,0.003769964911043644,0,0
751,149,-0.02840309962630272,0.9515668153762817,0.001328745391219854,0,0
756,150,-0.032308429479599,0.9559622406959534,0.003281409852206707,0,0
760,151,-0.02999012544751167,0.954252302646637,-0.0005025582504458726,0,0
765,152,-0.02950157038867474,0.9547408819198608,-1.400317069055745e-05,0,0
770,153,-0.03206415101885796,0.9552294015884399,0.002304299501702189,0,0
776,154,-0.03206415101885796,0.9563279151916504,0.001084467861801386,0,0
780,155,-0.03243134543299675,0.9577919840812683,0.002182938857004046,0,0
786,156,-0.0271817110478878,0.9563279151916504,0.005356990732252598,0,0
797,157,-0.02767026610672474,0.9541309475898743,0.001450106152333319,0,0
802,158,-0.02962293103337288,0.9544966220855713,0.003158492967486382,0,0
805,159,-0.03108859620988369,0.9576706290245056,0.003037132322788239,0,0
806,160,-0.02791454456746578,0.955595076084137,0.0003516351862344891,0,0
811,161,-0.0307214017957449,0.9531538486480713,0.003281409852206707,0,0
816,162,-0.03340689837932587,0.9544966220855713,0.003037132322788239,0,0
821,163,-0.02937865257263184,0.9558393359184265,0.003769964911043644,0,0
826,164,-0.02999012544751167,0.9538866877555847,0.004135603085160255,0,0
831,165,-0.03365117684006691,0.952422559261322,0.002671493915840983,0,0
840,166,-0.03096567839384079,0.9557179808616638,0.002427216386422515,0,0
844,167,-0.02950157038867474,0.9538866877555847,0.003769964911043644,0,0
848,168,-0.02974584698677063,0.9513225555419922,0.003891325555741787,0,0
853,169,-0.0290130153298378,0.9507126212120056,0.002548577031120658,0,0
857,170,-0.02815882116556168,0.9509568810462952,0.001571467029862106,0,0
861,171,-0.03218706697225571,0.9521782994270325,0.0007172735640779138,0,0
867,172,-0.03316261991858482,0.9504683613777161,0.0007172735640779138,0,0
871,173,-0.02767026610672474,0.9487599730491638,0.001571467029862106,0,0
876,174,-0.0275489054620266,0.9504683613777161,0.0002302743669133633,0,0
883,175,-0.0307214017957449,0.9529095888137817,0.004135603085160255,0,0
889,176,-0.02828018181025982,0.9532767534255981,0.00279285479336977,0,0
892,177,-0.02693743444979191,0.9532767534255981,0.0009615510934963822,0,0
898,178,-0.02535040676593781,0.9518110752105713,0.0008401902741752565,0,0
902,179,-0.02596187964081764,0.9503470063209534,0.003281409852206707,0,0
907,180,-0.02693743444979191,0.9533981084823608,0.003525687381625176,0,0
911,181,-0.02583896182477474,0.9502241015434265,-0.0002582807210274041,0,0
916,182,-0.02767026610672474,0.9503470063209534,0.001938661211170256,0,0
922,183,-0.0222992729395628,0.9503470063209534,0.003525687381625176,0,0
927,184,-0.02596187964081764,0.9508355259895325,-0.002578139305114746,0,0
932,185,-0.02669315598905087,0.9496141672134399,0.001084467861801386,0,0
941,186,-0.02913437597453594,0.9496141672134399,0.003525687381625176,0,0
942,187,-0.03047712333500385,0.9485157132148743,0.003647048026323319,0,0
951,188,-0.02840309962630272,0.9481500387191773,0.001450106152333319,0,0
952,189,-0.02706035040318966,0.9522996544837952,0.00279285479336977,0,0
957,190,-0.03047712333500385,0.9499797821044922,0.0002302743669133633,0,0
962,191,-0.03060004115104675,0.9521782994270325,0.006332545075565577,0,0
967,192,-0.03145423531532288,0.9502241015434265,0.006211184430867434,0,0
972,193,-0.03096567839384079,0.9513225555419922,0.005599712487310171,0,0
977,194,-0.03108859620988369,0.952788233757019,0.004624158143997192,0,0
985,195,-0.0326756201684475,0.9502241015434265,0.005112713202834129,0,0
990,196,-0.02840309962630272,0.9509568810462952,0.008163848891854286,0,0
994,197,-0.03316261991858482,0.952422559261322,0.005478351842612028,0,0
999,198,-0.02876873686909676,0.9532767534255981,0.006455461960285902,0,0
1002,199,-0.02925729192793369,0.9531538486480713,0.00340277049690485,0,0
1007,200,-0.03340689837932587,0.9535210728645325,0.004379880614578724,0,0
1012,201,-0.02876873686909676,0.9518110752105713,0.005356990732252598,0,0
1018,202,-0.02791454456746578,0.9533981084823608,0.00279285479336977,0,0
1022,203,-0.02730462700128555,0.9513225555419922,0.004501241724938154,0,0
1028,204,-0.02864737622439861,0.9515668153762817,0.005112713202834129,0,0
1034,205,-0.02535040676593781,0.9519340395927429,0.005478351842612028,0,0
1039,206,-0.02486340887844563,0.953765332698822,0.004868435673415661,0,0
1044,207,-0.02425193600356579,0.9546195268630981,0.006088267546147108,0,0
1049,208,-0.02608324028551579,0.9496141672134399,0.003891325555741787,0,0
1053,209,-0.0257176011800766,0.9509568810462952,0.004135603085160255,0,0
1057,210,-0.02669315598905087,0.9512012004852295,0.006821100134402514,0,0
1063,211,-0.02327638305723667,0.9540080428123474,0.01158217806369066,0,0
1068,212,-0.02510613016784191,0.9519340395927429,0.008285209536552429,0,0
1073,213,-0.02339774370193481,0.954252302646637,0.007675293833017349,0,0
1081,214,-0.02486340887844563,0.9530324935913086,0.008896681480109692,0,0
1084,215,-0.02474049106240273,0.9543752670288086,0.008529487065970898,0,0
1088,216,-0.02486340887844563,0.9532767534255981,0.008652403950691223,0,0
1097,217,-0.0257176011800766,0.9546195268630981,0.008652403950691223,0,0
1099,218,-0.02644887752830982,0.9554737210273743,0.01231345534324646,0,0
1103,219,-0.02791454456746578,0.9526652693748474,0.01499895192682743,0,0
1108,220,-0.02999012544751167,0.9498584270477295,0.01377912051975727,0,0
1113,221,-0.02974584698677063,0.9507126212120056,0.01170353963971138,0,0
1118,222,-0.03120995685458183,0.9499797821044922,0.01341192610561848,0,0
1123,223,-0.0340183712542057,0.9490042328834534,0.01268064975738525,0,0
1131,224,-0.03377409279346466,0.9493699073791504,0.0128020104020834,0,0
1136,225,-0.03462828695774078,0.9492484927177429,0.01194781716912985,0,0
1140,226,-0.03523820266127586,0.950102686882019,0.009262319654226303,0,0
1145,227,-0.03487256541848183,0.9471729397773743,0.01255773287266493,0,0
1149,228,-0.03316261991858482,0.9470515847206116,0.009506597183644772,0,0
1153,229,-0.03462828695774078,0.9493699073791504,0.01072642952203751,0,0
1158,230,-0.03291834518313408,0.9487599730491638,0.01561042387038469,0,0
1164,231,-0.03255270421504974,0.9493699073791504,0.0135348429903388,0,0
1169,232,-0.02937865257263184,0.9504683613777161,0.01475467439740896,0,0
1174,233,-0.02644887752830982,0.9526652693748474,0.01597606204450131,0,0
1180,234,-0.02767026610672474,0.9518110752105713,0.01646461710333824,0,0
1184,235,-0.02791454456746578,0.9505912661552429,0.0180516429245472,0,0
1190,236,-0.02559468522667885,0.9519340395927429,0.01841728202998638,0,0
1194,237,-0.02437485381960869,0.9522996544837952,0.01744017191231251,0,0
1199,238,-0.0208351630717516,0.9504683613777161,0.0135348429903388,0,0
1204,239,-0.02156643941998482,0.951445460319519,0.01402339804917574,0,0
1209,240,-0.02327638305723667,0.9531538486480713,0.01658597774803639,0,0
1214,241,-0.02059088461101055,0.9505912661552429,0.01817300356924534,0,0
1219,242,-0.0222992729395628,0.9510798454284668,0.01658597774803639,0,0
1224,243,-0.02254354953765869,0.953765332698822,0.01829592138528824,0,0
1229,244,-0.01424278132617474,0.9579149484634399,0.02268980443477631,0,0
1238,245,-0.01155728381127119,0.958403468132019,0.01853864267468453,0,0
1243,246,-0.01961377449333668,0.9580363035202026,0.01731881126761437,0,0
1244,247,-0.02669315598905087,0.9535210728645325,0.01438903622329235,0,0
1250,248,-0.04524735733866692,0.9448530673980713,0.0152432294562459,0,0
1254,249,-0.02742598950862885,0.9525439143180847,0.01707453280687332,0,0
1259,250,-0.02315346524119377,0.9548637866973877,0.01622034050524235,0,0
1264,251,-0.02876873686909676,0.9533981084823608,0.0213470570743084,0,0
1269,252,-0.03255270421504974,0.9502241015434265,0.02073714137077332,0,0
1277,253,-0.02864737622439861,0.9544966220855713,0.02183561213314533,0,0
1282,254,-0.0186366643756628,0.9620645046234131,0.0279378816485405,0,0
1287,255,-0.01460997480899096,0.9643843770027161,0.03208904340863228,0,0
1292,256,-0.03999928012490273,0.9525439143180847,0.02098141796886921,0,0
1295,257,-0.04317333176732063,0.9475385546684265,0.02683941088616848,0,0
1300,258,-0.02730462700128555,0.9558393359184265,0.02745088376104832,0,0
1305,259,-0.02596187964081764,0.9624317288398743,0.02879363112151623,0,0
1310,260,-0.02364202030003071,0.9659714102745056,0.03245468437671661,0,0
1315,261,-0.01509697455912828,0.9717080593109131,0.0344073474407196,0,0
1326,262,-0.01045881304889917,0.9669469594955444,0.03831423074007034,0,0
1326,263,-0.02413057535886765,0.9634072780609131,0.03416306897997856,0,0
1331,264,-0.01973669230937958,0.9924591779708862,0.04771347343921661,0,0
1336,265,-0.01705119386315346,0.9613332748413086,0.03575009480118752,0,0
1341,266,-0.03023440204560757,0.9450973868370056,0.02415391430258751,0,0
1345,267,-0.02583896182477474,0.9480271339416504,0.02159133367240429,0,0
1350,268,-0.02168935537338257,0.9557179808616638,0.02891499176621437,0,0
1355,269,-0.02059088461101055,0.9629186987876892,0.03404171019792557,0,0
1360,270,-0.01790538802742958,0.9691454768180847,0.03733712062239647,0,0
1365,271,-0.0204679686576128,0.9773232936859131,0.03343179449439049,0,0
1370,272,-0.009116064757108688,0.9802531003952026,0.03550582006573677,0,0
1379,273,-0.02095652371644974,0.9894080758094788,0.03794859349727631,0,0
1384,274,-0.02181071788072586,0.9857454299926758,0.03013638034462929,0,0
1389,275,-0.03682522848248482,0.9648729562759399,0.02854935452342033,0,0
1391,276,-0.02937865257263184,0.9652385711669922,0.02842643670737743,0,0
1395,277,-0.03499392420053482,0.9551064968109131,0.01646461710333824,0,0
1401,278,-0.03450537100434303,0.9520553946495056,0.02061422355473042,0,0
1406,279,-0.03731378167867661,0.9564492702484131,0.02024858631193638,0,0
1411,280,-0.02669315598905087,0.9693897366523743,0.02525238506495953,0,0
1416,281,-0.03523820266127586,0.9595019817352295,0.02049286291003227,0,0
1424,282,-0.04744429886341095,0.9407034516334534,0.01548750698566437,0,0
1428,283,-0.03670386597514153,0.9416806101799011,0.02207988873124123,0,0
1434,284,-0.03645959123969078,0.9436332583427429,0.02012566849589348,0,0
1438,285,-0.04598018899559975,0.9295958280563355,0.02098141796886921,0,0
1441,286,-0.04280613735318184,0.9326469898223877,0.02183561213314533,0,0
1446,287,-0.04353897273540497,0.9313042163848877,0.02232416719198227,0,0
1451,288,-0.04146338999271393,0.9326469898223877,0.02561957947909832,0,0
1456,289,-0.02962293103337288,0.9449759721755981,0.02598521858453751,0,0
1461,290,-0.03938936442136765,0.9407034516334534,0.0195157527923584,0,0
1472,291,-0.04414888843894005,0.9248347878456116,0.0245211087167263,0,0
1472,292,-0.04219622164964676,0.9175111055374146,0.02195697277784348,0,0
1477,293,-0.0356038399040699,0.9259332418441773,0.01646461710333824,0,0
1482,294,-0.03340689837932587,0.937529444694519,0.01316920481622219,0,0
1487,295,-0.0340183712542057,0.9386278986930847,0.01890583708882332,0,0
1492,296,-0.03169851005077362,0.9413133859634399,0.02085850201547146,0,0
1496,297,-0.02290918864309788,0.9571821093559265,0.02464246936142445,0,0
1502,298,-0.04109775274991989,0.9571821093559265,0.02671805024147034,0,0
1506,299,-0.02962293103337288,0.9503470063209534,0.02598521858453751,0,0
1512,300,-0.02596187964081764,0.9516897201538086,0.0213470570743084,0,0
1523,301,-0.02999012544751167,0.9479057788848877,0.01731881126761437,0,0
1523,302,-0.00887178722769022,0.9676797986030579,0.01853864267468453,0,0
1528,303,-0.01656263880431652,0.9665813446044922,0.01377912051975727,0,0
1538,304,-0.0105817299336195,0.9697554111480713,0.01829592138528824,0,0
1538,305,-0.01802674867212772,0.9618202447891235,0.009995152242481709,0,0
1542,306,-0.01070309057831764,0.9602347612380981,0.01304628793150187,0,0
1547,307,-0.001792405848391354,0.9658485054969788,0.008042488247156143,0,0
1552,308,0.00248011713847518,0.9776889681816101,0.00584399001672864,0,0
1557,309,-0.006797761656343937,0.9637745022773743,0.007431016303598881,0,0
1562,310,-0.01168020069599152,0.9657271504402161,0.004745519254356623,0,0
1569,311,-0.0094817029312253,0.9725622534751892,-0.000746835779864341,0,0
1575,312,-0.01119164563715458,0.9693897366523743,0.01109362300485373,0,0
1580,313,-0.01729391701519489,0.9643843770027161,0.01927147619426251,0,0
1592,314,-0.01399850379675627,0.9757363200187683,0.02293408289551735,0,0
1592,315,-0.02034660801291466,0.969511091709137,0.02110277861356735,0,0
1592,316,-0.03133287280797958,0.968533992767334,0.03880278766155243,0,0
1597,317,-0.03120995685458183,0.9612103700637817,0.05528140813112259,0,0
1602,318,-0.02010232955217362,0.9487599730491638,0.04441805928945541,0,0
1607,319,-0.01509697455912828,0.9200736880302429,0.03208904340863228,0,0
1613,320,-0.009604619815945625,0.9081118702888489,0.01060506794601679,0,0
1618,321,-0.01656263880431652,0.9145813584327698,-0.01051171403378248,0,0
1623,322,-0.02791454456746578,0.9126286506652832,-0.01820256747305393,0,0
1630,323,-0.01326722651720047,0.915924072265625,-0.02064378559589386,0,0
1633,324,-0.03572675585746765,0.9092103242874146,-0.01087890844792128,0,0
1637,325,-0.03169851005077362,0.9037179946899414,-0.01710409484803677,0,0
1643,326,-0.02327638305723667,0.9309386014938355,-0.03333843871951103,0,0
1650,327,-0.0326756201684475,0.9991729259490967,-0.03541402146220207,0,0
1653,328,0.002357200486585498,1.04348361492157,0.004745519254356623,0,0
1658,329,0.003699949011206627,0.9953889846801758,0.03977834060788155,0,0
1663,330,-0.01766111142933369,0.9713423848152161,0.04099972918629646,0,0
1669,331,-0.006309206597507,0.9471729397773743,0.01976003125309944,0,0
1676,332,0.01261218916624785,0.959746241569519,0.01023942977190018,0,0
1679,333,0.02481828629970551,0.953765332698822,-0.008924687281250954,0,0
1683,334,0.02115567959845066,0.9269103407859802,-0.03102013655006886,0,0
1688,335,0.02249842882156372,0.8955385684967041,-0.06055904924869537,0,0
1693,336,0.01651751808822155,0.9015210270881653,-0.05103844776749611,0,0
1698,337,0.03714730218052864,0.9652385711669922,0.03135621175169945,0,0
1703,338,0.04569078981876373,0.9654828906059265,0.01390048116445541,0,0
1708,339,0.0283579770475626,0.9635301828384399,0.03379743173718453,0,0
1715,340,0.02115567959845066,0.992093563079834,0.1141165122389793,0,0
1720,341,0.01737171225249767,1.003811120986939,0.088727205991745,0,0
1725,342,0.02567248046398163,1.007962226867676,0.08311193436384201,0,0
1730,343,0.03458316624164581,0.9881866574287415,0.1124081239104271,0,0
1733,344,0.02493964694440365,0.9795202612876892,0.09458675235509872,0,0
1738,345,0.01627324149012566,0.981472909450531,0.0803050771355629,0,0
1743,346,0.02701522968709469,0.9834271669387817,0.04685927927494049,0,0
1748,347,0.02384117618203163,0.9632859230041504,-0.004775081295520067,0,0
1753,348,0.02457400970160961,0.9480271339416504,-0.02454911544919014,0,0
1758,349,0.02603811956942082,0.9349668622016907,-0.0144185982644558,0,0
1764,350,0.02384117618203163,0.9442431926727295,0.009627957828342915,0,0
1771,351,0.01371066085994244,0.9510798454284668,0.003158492967486382,0,0
1775,352,0.0132221058011055,0.9353324770927429,-0.01869112253189087,0,0
1780,353,0.01419765967875719,0.9409477710723877,-0.02699189074337483,0,0
1784,354,0.003090033074840903,0.9377737045288086,-0.02918883226811886,0,0
1789,355,-0.008261870592832565,0.9260561466217041,-0.01734837330877781,0,0
1794,356,-0.01912521943449974,0.9092103242874146,-0.03199569135904312,0,0
1799,357,-0.03828933835029602,0.8868721723556519,-0.03553538024425507,0,0
1804,358,-0.0275489054620266,0.884553849697113,-0.04859722778201103,0,0
1809,359,-0.01912521943449974,0.8828439116477966,-0.0649544894695282,0,0
1815,360,-0.008627509698271751,0.8838210105895996,-0.06116896495223045,0,0
1819,361,-0.008506148122251034,0.888703465461731,-0.06434301286935806,0,0
1829,362,-0.01717255637049675,0.871980607509613,-0.08936668187379837,0,0
1829,363,-0.005210735369473696,0.866486668586731,-0.1007185876369476,0,0
1834,364,-0.01277867145836353,0.8652668595314026,-0.09962011873722076,0,0
1839,365,-0.01192447822540999,0.8867508172988892,-0.1018170565366745,0,0
1844,366,-0.004233625251799822,0.8865065574645996,-0.09974303096532822,0,0
1849,367,-0.01216719951480627,0.8769843578338623,-0.1197613403201103,0,0
1854,368,-0.01985805295407772,0.8805256485939026,-0.1594323217868805,0,0
1863,369,-0.03609239682555199,0.8974928259849548,-0.1605307906866074,0,0
1869,370,-0.0541580431163311,0.9221493005752564,-0.09119798243045807,0,0
1874,371,-0.06782980263233185,0.9331355094909668,-0.06031477078795433,0,0
1879,372,-0.06929547339677811,0.9300844073295593,-0.08716973662376404,0,0
1880,373,-0.07429926842451096,0.9343553781509399,-0.05140408501029015,0,0
1885,374,-0.09553896635770798,0.9402149319648743,-0.01124454662203789,0,0
1889,375,-0.1024969890713692,0.9248347878456116,-0.08082163333892822,0,0
1895,376,-0.1037168204784393,0.9183652997016907,-0.09302929043769836,0,0
1900,377,-0.09871301800012589,0.9344782829284668,-0.03223996609449387,0,0
1905,378,-0.08772675693035126,0.9647500514984131,0.04563789069652557,0,0
1912,379,-0.1076237037777901,0.9841583967208862,0.09299972653388977,0,0
1917,380,-0.1089664548635483,0.9895294308662415,0.02708368934690952,0,0
1921,381,-0.0796702653169632,0.975492000579834,-0.07081247866153717,0,0
1925,382,-0.04951988160610199,0.9574263691902161,-0.1058453023433685,0,0
1930,383,-0.0271817110478878,0.9347225427627564,-0.1474705040454865,0,0
1935,384,-0.0222992729395628,0.9167782664299011,-0.1956865340471268,0,0
1940,385,-0.02095652371644974,0.9209294319152832,-0.2220529466867447,0,0
1945,386,-0.04500307887792587,0.9230034947395325,-0.218634620308876,0,0
1950,387,-0.03304126113653183,0.9293515682220459,-0.2266911119222641,0,0
1959,388,0.004432781599462032,0.9422904849052429,-0.2307193577289581,0,0
1960,389,0.07242440432310104,0.9619431495666504,-0.2052071392536163,0,0
1970,390,0.06802896410226822,0.9740279316902161,-0.1810376644134522,0,0
1970,391,-0.01924813725054264,0.9204409122467041,-0.1760338693857193,0,0
1975,392,-0.07075957953929901,0.8497637510299683,-0.2225415110588074,0,0
1980,393,-0.08357714861631393,0.8010607361793518,-0.2320621013641357,0,0
1985,394,-0.1145817264914513,0.7502805590629578,-0.2321834713220596,0,0
1990,395,-0.1330130100250244,0.7300179600715637,-0.2501277625560761,0,0
1995,396,-0.1385069191455841,0.7421027421951294,-0.2742972373962402,0,0
2001,397,-0.1269091814756393,0.7729843854904175,-0.2854048609733582,0,0
2011,398,-0.1320358961820602,0.7739614844322205,-0.2867476046085358,0,0
2011,399,-0.1171443089842796,0.7854363322257996,-0.2857705056667328,0,0
2021,400,-0.1155572831630707,0.7937355041503906,-0.2712445259094238,0,0
2021,401,-0.1287404894828796,0.7980080246925354,-0.2478078901767731,0,0
2026,402,-0.09297483414411545,0.8270599842071533,-0.2335262149572372,0,0
2031,403,-0.07552065700292587,0.8332851529121399,-0.2202216535806656,0,0
2036,404,-0.02474049106240273,0.8523278832435608,-0.2049628645181656,0,0
2041,405,0.005654169246554375,0.8580645322799683,-0.1861659437417984,0,0
2046,406,0.04935339838266373,0.8585531115531921,-0.1732254475355148,0,0
2051,407,0.03409460932016373,0.8399989008903503,-0.1796964704990387,0,0
2060,408,0.00955949816852808,0.820834755897522,-0.2032544761896133,0,0
2065,409,0.01261218916624785,0.8044775128364563,-0.2166819572448731,0,0
2071,410,0.02115567959845066,0.8020362854003906,-0.2259582877159119,0,0
2071,411,0.06033966317772865,0.8104584217071533,-0.2191231846809387,0,0
2076,412,0.08365339040756226,0.8110699057579041,-0.2187575399875641,0,0
2081,413,0.1057472825050354,0.8264500498771668,-0.2031331062316895,0,0
2086,414,0.1150251626968384,0.8379232883453369,-0.2175361514091492,0,0
2092,415,0.1584801077842712,0.8606286644935608,-0.235846072435379,0,0
2098,416,0.1257671415805817,0.8630698919296265,-0.223884254693985,0,0
2103,417,0.05484575405716896,0.8797928094863892,-0.2287666946649551,0,0
2113,418,0.03433888778090477,0.869295060634613,-0.2426811754703522,0,0
2113,419,0.02701522968709469,0.8659996390342712,-0.2503720223903656,0,0
2121,420,-0.01412141975015402,0.8569660782814026,-0.2498834729194641,0,0
2127,421,-0.0186366643756628,0.8336523175239563,-0.2362117171287537,0,0
2132,422,-0.01973669230937958,0.848421037197113,-0.2498834729194641,0,0
2132,423,0.005042697302997112,0.9061592221260071,-0.2484193742275238,0,0
2138,424,0.01749462820589542,0.9096989035606384,-0.2255926430225372,0,0
2142,425,-0.003623709548264742,0.8797928094863892,-0.210701048374176,0,0
2147,426,-0.03584811836481094,0.8280370831489563,-0.1983720362186432,0,0
2162,427,-0.09199927747249603,0.834139347076416,-0.2147292941808701,0,0
2162,428,-0.08589544892311096,0.8458584547042847,-0.2323063910007477,0,0
2162,429,-0.08674964308738709,0.8441500663757324,-0.2325506657361984,0,0
2170,430,-0.1117733120918274,0.8166851401329041,-0.2414613515138626,0,0
2176,431,-0.1044496521353722,0.8000836372375488,-0.2312079071998596,0,0
2182,432,-0.107135146856308,0.7651721835136414,-0.1980048418045044,0,0
2182,433,-0.1588908731937408,0.7848248481750488,-0.2160720378160477,0,0
2188,434,-0.1502244621515274,0.8143653273582459,-0.2274239510297775,0,0
2193,435,-0.1704870462417603,0.7937355041503906,-0.1997147798538208,0,0
2197,436,-0.2329847663640976,0.7587026953697205,-0.1806720197200775,0,0
2205,437,-0.2876702547073364,0.7449095845222473,-0.1634605675935745,0,0
2210,438,-0.2782710194587708,0.754308819770813,-0.1422208696603775,0,0
2212,439,-0.3305152952671051,0.7777454853057861,-0.1311132460832596,0,0
2219,440,-0.3562718033790588,0.799595057964325,-0.1386811882257462,0,0
2222,441,-0.3607885837554932,0.8287683725357056,-0.1475918740034103,0,0
2227,442,-0.3526091873645783,0.8702722191810608,-0.1840903609991074,0,0
2232,443,-0.3500466048717499,0.8957828283309937,-0.2291323393583298,0,0
2237,444,-0.3413802087306976,0.9022523164749146,-0.2388972043991089,0,0
2243,445,-0.3054916262626648,0.9098202586174011,-0.2360903471708298,0,0
2248,446,-0.2938954532146454,0.9192194938659668,-0.247076615691185,0,0
2255,447,-0.2854733169078827,0.9230034947395325,-0.2662407457828522,0,0
2260,448,-0.2620366811752319,0.9208065271377564,-0.2584285140037537,0,0
2263,449,-0.2575198709964752,0.9082332253456116,-0.2752727866172791,0,0
2271,450,-0.2399427741765976,0.9065248370170593,-0.2971223890781403,0,0
2273,451,-0.2290794253349304,0.9137271642684937,-0.2943155467510223,0,0
2278,452,-0.2774168252944946,0.8645340204238892,-0.2729544937610626,0,0
2283,453,-0.2434824705123901,0.8421958088874817,-0.2489063739776611,0,0
2288,454,-0.213455006480217,0.8199805617332459,-0.2484193742275238,0,0
2294,455,-0.2224870473146439,0.8275485038757324,-0.2363346368074417,0,0
2299,456,-0.2091824859380722,0.8345065116882324,-0.2224185913801193,0,0
2312,457,-0.2401870638132095,0.7927599549293518,-0.206549882888794,0,0
2312,458,-0.2587412595748901,0.7790881991386414,-0.195442259311676,0,0
2322,459,-0.2537358999252319,0.7972752451896668,-0.1994705051183701,0,0
2322,460,-0.2696046233177185,0.8083844184875488,-0.1936109513044357,0,0
2332,461,-0.2575198709964752,0.8132668137550354,-0.202644556760788,0,0
2332,462,-0.2464122474193573,0.8003278970718384,-0.2088697403669357,0,0
2334,463,-0.2443366646766663,0.8061874508857727,-0.2163147628307343,0,0
2339,464,-0.2365244477987289,0.8332851529121399,-0.2374331057071686,0,0
2344,465,-0.2201687544584274,0.8487882018089294,-0.2360903471708298,0,0
2355,466,-0.2172389775514603,0.8111912608146668,-0.2324277460575104,0,0
2355,467,-0.1841588169336319,0.8236416578292847,-0.252934604883194,0,0
2364,468,-0.1724412739276886,0.8104584217071533,-0.2637995183467865,0,0
2369,469,-0.1470504105091095,0.8182706236839294,-0.2905315756797791,0,0
2369,470,-0.1720740795135498,0.7959340214729309,-0.2988323271274567,0,0
2375,471,-0.1632863134145737,0.796788215637207,-0.2994422614574432,0,0
2380,472,-0.1463191360235214,0.8020362854003906,-0.2928514182567596,0,0
2386,473,-0.1723183542490006,0.7948340177536011,-0.2966353893280029,0,0
2390,474,-0.1704870462417603,0.8158293962478638,-0.3026162981987,0,0
2394,475,-0.1984404921531677,0.8263271450996399,-0.2979781329631805,0,0
2405,476,-0.2138206362724304,0.8528164625167847,-0.2912644147872925,0,0
2405,477,-0.2211443036794663,0.8487882018089294,-0.289433091878891,0,0
2409,478,-0.2423840016126633,0.8158293962478638,-0.2907758355140686,0,0
2414,479,-0.2372572869062424,0.823154628276825,-0.2974895834922791,0,0
2419,480,-0.2819336354732513,0.7806752324104309,-0.3053018152713776,0,0
2424,481,-0.2615481317043304,0.7793324589729309,-0.2889445424079895,0,0
2429,482,-0.2738771438598633,0.7705431580543518,-0.2901659309864044,0,0
2435,483,-0.2866947054862976,0.7561401128768921,-0.2719773650169373,0,0
2439,484,-0.2967038452625275,0.7915385961532593,-0.2655079066753388,0,0
2445,485,-0.2808351516723633,0.7900744676589966,-0.2706346213817596,0,0
2451,486,-0.2516618669033051,0.8277928233146668,-0.3101842403411865,0,0
2458,487,-0.2991450726985931,0.7640736699104309,-0.3416773676872253,0,0
2464,488,-0.2827878296375275,0.8115584254264832,-0.337160587310791,0,0
2471,489,-0.2843748331069946,0.8110699057579041,-0.3483911156654358,0,0
2471,490,-0.3017076551914215,0.8083844184875488,-0.3779315948486328,0,0
2475,491,-0.3047603368759155,0.8130225539207459,-0.4022224247455597,0,0
2479,492,-0.2978023290634155,0.8126569390296936,-0.4530010223388672,0,0
2484,493,-0.3498023152351379,0.8295011520385742,-0.4610575139522553,0,0
2489,494,-0.3784886002540588,0.8286469578742981,-0.4851040840148926,0,0
2497,495,-0.380441278219223,0.8290126323699951,-0.491817831993103,0,0
2502,496,-0.4059519171714783,0.7988622188568115,-0.4790018200874329,0,0
2507,497,-0.3510237038135529,0.8371920585632324,-0.4852269887924194,0,0
2512,498,-0.4010694921016693,0.7578485012054443,-0.4963346123695374,0,0
2515,499,-0.4008252024650574,0.7627309560775757,-0.4514140188694,0,0
2520,500,-0.3837366700172424,0.7670034766197205,-0.4184567630290985,0,0
2525,501,-0.3479710221290588,0.7233042716979981,-0.4084475934505463,0,0
2530,502,-0.344675600528717,0.6858301758766174,-0.4047850072383881,0,0
2535,503,-0.3256328403949738,0.6918110847473145,-0.3924559950828552,0,0
2542,504,-0.3026847541332245,0.7040172219276428,-0.3974613547325134,0,0
2548,505,-0.2964595854282379,0.7110981345176697,-0.4195552468299866,0,0
2555,506,-0.2801023125648499,0.7168347835540772,-0.457273542881012,0,0
2560,507,-0.2833977341651917,0.6749653220176697,-0.4829071462154388,0,0
2560,508,-0.2882817387580872,0.7051156759262085,-0.4455560147762299,0,0
2565,509,-0.2531259953975678,0.7506462335586548,-0.454466700553894,0,0
2570,510,-0.2394542247056961,0.733069121837616,-0.4704567492008209,0,0
2575,511,-0.2262710183858872,0.7186660766601563,-0.4782689809799194,0,0
2581,512,-0.2252954691648483,0.7239141464233398,-0.5009728074073792,0,0
2586,513,-0.2230985164642334,0.7088996767997742,-0.5319773554801941,0,0
2599,514,-0.247877910733223,0.6833890080451965,-0.547359049320221,0,0
2599,515,-0.2658206522464752,0.7504019141197205,-0.5305132269859314,0,0
2606,516,-0.2521488666534424,0.7490592002868652,-0.5154987573623657,0,0
2615,517,-0.2620366811752319,0.7078011631965637,-0.5270949006080627,0,0
2615,518,-0.2577641606330872,0.6998676061630249,-0.5428422689437866,0,0
2616,519,-0.2792481184005737,0.6952294111251831,-0.5245323181152344,0,0
2621,520,-0.3102526962757111,0.6210126280784607,-0.5280720591545105,0,0
2626,521,-0.3107412457466126,0.6977919936180115,-0.5090292692184448,0,0
2631,522,-0.3424786627292633,0.6970592141151428,-0.499020129442215,0,0
2636,523,-0.3340565264225006,0.6349287033081055,-0.5231896042823792,0,0
2648,524,-0.3270985186100006,0.6225996613502502,-0.5248979926109314,0,0
2648,525,-0.2851076722145081,0.66617751121521,-0.5291705131530762,0,0
2657,526,-0.3301496505737305,0.6520172357559204,-0.5261193513870239,0,0
2658,527,-0.3959427773952484,0.4873508214950562,-0.5151330828666687,0,0
2664,528,-0.3816610872745514,0.5482614636421204,-0.5125689506530762,0,0
2672,529,-0.3803183436393738,0.5695011615753174,-0.522822380065918,0,0
2672,530,-0.3666481375694275,0.5481401085853577,-0.5506544709205627,0,0
2680,531,-0.3811725378036499,0.5384966135025024,-0.5544384717941284,0,0
2682,532,-0.3914275169372559,0.5425248742103577,-0.5604193806648254,0,0
2687,533,-0.3787313103675842,0.5575377941131592,-0.5747010111808777,0,0
2693,534,-0.3926473557949066,0.5503370761871338,-0.5773865580558777,0,0
2704,535,-0.3899618685245514,0.5751164555549622,-0.5815361142158508,0,0
2704,536,-0.3577359020709992,0.625529408454895,-0.5836117267608643,0,0
2711,537,-0.3653053939342499,0.6636133790016174,-0.5925223827362061,0,0
2719,538,-0.4199908971786499,0.5710881948471069,-0.5828788876533508,0,0
2719,539,-0.3780000507831574,0.5735294222831726,-0.6002132296562195,0,0
2725,540,-0.3289298117160797,0.6298019289970398,-0.6237712502479553,0,0
2727,541,-0.3837366700172424,0.5518012046813965,-0.6169361472129822,0,0
2732,542,-0.385323703289032,0.5472843647003174,-0.5842216610908508,0,0
2741,543,-0.3440656960010529,0.5629088282585144,-0.6038743257522583,0,0
2746,544,-0.3476053774356842,0.5615660548210144,-0.6325606107711792,0,0
2751,545,-0.3527320921421051,0.5459416508674622,-0.6440338492393494,0,0
2755,546,-0.3555389642715454,0.5360553860664368,-0.6473308205604553,0,0
2757,547,-0.363106906414032,0.5328813195228577,-0.6478193998336792,0,0
2762,548,-0.3704321086406708,0.5199424028396606,-0.6412270069122315,0,0
2767,549,-0.3789756000041962,0.5133500099182129,-0.6454995274543762,0,0
2772,550,-0.3819053769111633,0.5253133773803711,-0.6441567540168762,0,0
2777,551,-0.392281711101532,0.5310500264167786,-0.6459880471229553,0,0
2782,552,-0.3987511992454529,0.5344683527946472,-0.652090311050415,0,0
2795,553,-0.4021679759025574,0.5290973782539368,-0.6639307737350464,0,0
2795,554,-0.4019252359867096,0.5149370431900024,-0.6730857491493225,0,0
2799,555,-0.3994824588298798,0.5046836137771606,-0.670034646987915,0,0
2802,556,-0.4091259837150574,0.5111531019210815,-0.6739414930343628,0,0
2807,557,-0.4231633841991425,0.5182324647903442,-0.6848048567771912,0,0
2812,558,-0.4220649003982544,0.5030965805053711,-0.6944483518600464,0,0
2817,559,-0.4246290624141693,0.4905248582363129,-0.6904201507568359,0,0
2822,560,-0.4390320777893066,0.4795385897159576,-0.6893216371536255,0,0
2827,561,-0.4533137679100037,0.4676981270313263,-0.6913956999778748,0,0
2833,562,-0.471379429101944,0.4593973755836487,-0.6896873116493225,0,0
2839,563,-0.4812672138214111,0.4458485245704651,-0.6999407410621643,0,0
2844,564,-0.4979901015758514,0.4271714091300964,-0.7097055912017822,0,0
2850,565,-0.5164229273796082,0.4122798144817352,-0.7155651450157166,0,0
2854,566,-0.539003849029541,0.3871347904205322,-0.7189834713935852,0,0
2858,567,-0.5554839968681335,0.3727301955223084,-0.7267956733703613,0,0
2862,568,-0.5592679977416992,0.3713874518871307,-0.7493781447410584,0,0
2867,569,-0.5559710264205933,0.3625996708869934,-0.7663453221321106,0,0
2872,570,-0.5385168194770813,0.3263454735279083,-0.7711048722267151,0,0
2877,571,-0.5396153330802918,0.2955851554870606,-0.7845323085784912,0,0
2885,572,-0.5255779027938843,0.3174347877502441,-0.783189594745636,0,0
2890,573,-0.5226481556892395,0.3513691127300263,-0.7916117310523987,0,0
2895,574,-0.502995491027832,0.3458767831325531,-0.8133399486541748,0,0
2900,575,-0.5276519060134888,0.2448049932718277,-0.777208685874939,0,0
2903,576,-0.4802900850772858,0.2722698748111725,-0.7823354005813599,0,0
2908,577,-0.4927420318126679,0.2853317260742188,-0.7973498702049255,0,0
2913,578,-0.4801687300205231,0.3080355226993561,-0.8222506642341614,0,0
2918,579,-0.5170328617095947,0.2682416439056397,-0.8473972082138062,0,0
2923,580,-0.5242351889610291,0.2188057750463486,-0.8472743034362793,0,0
2928,581,-0.487371027469635,0.2374813407659531,-0.8721766471862793,0,0
2935,582,-0.4707694947719574,0.2374813407659531,-0.9102605581283569,0,0
2940,583,-0.4426946938037872,0.2614065408706665,-0.9450491070747376,0,0
2945,584,-0.4201122522354126,0.2795935273170471,-0.9653117060661316,0,0
2950,585,-0.4426946938037872,0.2144103348255158,-0.9820346236228943,0,0
2954,586,-0.3954557776451111,0.2333317250013351,-0.9828903675079346,0,0
2959,587,-0.3891076743602753,0.242608055472374,-1.031716346740723,0,0
2963,588,-0.3668908774852753,0.2350401133298874,-1.045632362365723,0,0
2969,589,-0.371042013168335,0.2212469875812531,-1.072241425514221,0,0
2973,590,-0.4323183596134186,0.2067210376262665,-1.100683450698853,0,0
2983,591,-0.4671084582805634,0.153499647974968,-1.136693358421326,0,0
2988,592,-0.4845626354217529,0.1670500487089157,-1.203829288482666,0,0
2989,593,-0.4812672138214111,0.1613118648529053,-1.255706310272217,0,0
2995,594,-0.4822443127632141,0.1541111171245575,-1.314908623695374,0,0
2999,595,-0.5785534381866455,0.0797729566693306,-1.367275834083557,0,0
3004,596,-0.578309178352356,0.03155692294239998,-1.425866723060608,0,0
3008,597,-0.5601221919059753,0.0509653203189373,-1.508384227752686,0,0
3013,598,-0.5787977576255798,0.06890805065631867,-1.572101831436157,0,0
3019,599,-0.5961320996284485,0.04644851759076119,-1.60249650478363,0,0
3024,600,-0.6460565328598023,-0.03057514689862728,-1.622149109840393,0,0
3032,601,-0.6056526899337769,0.01837371662259102,-1.666946768760681,0,0
3036,602,-0.615784764289856,0.03192256391048431,-1.695388793945313,0,0
3041,603,-0.6359244585037231,-0.006405672989785671,-1.689529299736023,0,0
3046,604,-0.6063855290412903,-0.00420873099938035,-1.694656014442444,0,0
3049,605,-0.5878313183784485,-0.01543927378952503,-1.675126194953919,0,0
3054,606,-0.5997931361198425,-0.02972095273435116,-1.631548404693604,0,0
3059,607,-0.6007702946662903,-0.01458508055657148,-1.584430813789368,0,0
3064,608,-0.6622908711433411,0.01275844499468803,-1.519857525825501,0,0
3069,609,-0.6520374417304993,-0.002500344067811966,-1.473961353302002,0,0
3074,610,-0.6869488954544067,-0.0283782035112381,-1.357143759727478,0,0
3081,611,-0.7280839681625366,0.005190508905798197,-1.309781908988953,0,0
3085,612,-0.7715405225753784,0.02606301382184029,-1.261077404022217,0,0
3091,613,-0.7832580208778381,0.04791262745857239,-1.207124710083008,0,0
3096,614,-0.7695878148078919,0.06622254848480225,-1.156101822853088,0,0
3099,615,-0.7308924198150635,0.0746462345123291,-1.101781964302063,0,0
3104,616,-0.6129763722419739,0.03485233709216118,-1.046242237091065,0,0
3109,617,-0.547304630279541,-0.001278956304304302,-0.9585979580879211,0,0
3115,618,-0.5171542167663574,-0.002744621597230434,-0.936504065990448,0,0
3119,619,-0.4771175980567932,-0.0003034020483028144,-0.9402880668640137,0,0
3126,620,-0.4422061443328857,0.002626372501254082,-0.9158758521080017,0,0
3130,621,-0.4058305621147156,-0.000669040426146239,-0.883894145488739,0,0
3135,622,-0.3738488852977753,-0.00481864670291543,-0.8482514023780823,0,0
3139,623,-0.3385717868804932,-0.01385224796831608,-0.8063819408416748,0,0
3145,624,-0.3107412457466126,-0.02483851462602615,-0.777208685874939,0,0
3150,625,-0.2835206389427185,-0.02508279122412205,-0.767930805683136,0,0
3155,626,-0.2781496644020081,-0.03448203206062317,-0.7630483508110046,0,0
3160,627,-0.2803466022014618,-0.04485682398080826,-0.7474239468574524,0,0
3166,628,-0.2848634123802185,-0.06157972291111946,-0.7387574911117554,0,0
3171,629,-0.3003649115562439,-0.08306369930505753,-0.7266727685928345,0,0
3184,630,-0.3139153122901917,-0.1043033972382546,-0.7283827066421509,0,0
3184,631,-0.3278298079967499,-0.1232232376933098,-0.7283827066421509,0,0
3191,632,-0.329416811466217,-0.1401904076337814,-0.7307010293006897,0,0
3191,633,-0.338938981294632,-0.1533736288547516,-0.729602575302124,0,0
3196,634,-0.337717592716217,-0.1526407897472382,-0.7143453359603882,0,0
3201,635,-0.3235588371753693,-0.1400690525770187,-0.7087300419807434,0,0
3207,636,-0.3220931589603424,-0.1211476549506187,-0.708974301815033,0,0
3211,637,-0.3261214196681976,-0.1027163714170456,-0.7144666910171509,0,0
3216,638,-0.3235588371753693,-0.0888003334403038,-0.723621666431427,0,0
3221,639,-0.3278298079967499,-0.07354310154914856,-0.7324109673500061,0,0
3238,640,-0.3267313241958618,-0.06585224717855454,-0.7480353713035584,0,0
3238,641,-0.3155023455619812,-0.07232171297073364,-0.7641468048095703,0,0
3238,642,-0.3046374320983887,-0.07036904990673065,-0.7767201066017151,0,0
3243,643,-0.2910885810852051,-0.04583393409848213,-0.7997910976409912,0,0
3248,644,-0.2934084534645081,-0.01080111227929592,-0.8171239495277405,0,0
3254,645,-0.3329565227031708,0.0171523280441761,-0.8259132504463196,0,0
3260,646,-0.3526091873645783,0.04693707451224327,-0.8410491347312927,0,0
3261,647,-0.3576145470142365,0.05804470181465149,-0.8483728170394898,0,0
3266,648,-0.3600557744503021,0.05816606059670448,-0.8558193445205689,0,0
3272,649,-0.363106906414032,0.04669279605150223,-0.8599689602851868,0,0
3278,650,-0.361764132976532,0.04058897122740746,-0.8705896139144898,0,0
3282,651,-0.3718962073326111,0.0342424213886261,-0.8802315592765808,0,0
3286,652,-0.3953328728675842,0.01446683146059513,-0.8965888023376465,0,0
3292,653,-0.3860565423965454,0.01251416746526957,-0.916607141494751,0,0
3296,654,-0.3958214223384857,0.007143173366785049,-0.9267392158508301,0,0
3301,655,-0.3887420296669006,0.007387450896203518,-0.9338185787200928,0,0
3306,656,-0.38507941365242,0.007143173366785049,-0.9470018148422241,0,0
3311,657,-0.3900847733020783,0.003603482618927956,-0.9593307971954346,0,0
3316,658,-0.3915489017963409,0.005677507724612951,-0.9830117225646973,0,0
3326,659,-0.4036336243152618,0.004213398788124323,-1.007181167602539,0,0
3331,660,-0.3915489017963409,0.0130027225241065,-1.026345372200012,0,0
3335,661,-0.4369580745697022,0.01837371662259102,-1.037087321281433,0,0
3337,662,-0.3964313268661499,0.08245845139026642,-1.031593441963196,0,0
3341,663,-0.4054649174213409,0.03399814292788506,-1.057715535163879,0,0
3347,664,-0.5169099569320679,-0.02801256626844406,-1.070533156394959,0,0
3352,665,-0.4752863049507141,0.01446683146059513,-1.041359782218933,0,0
3357,666,-0.4749206602573395,0.04315310716629028,-1.030983448028565,0,0
3362,667,-0.5160557627677918,0.03949049860239029,-1.03000795841217,0,0
3368,668,-0.553896963596344,0.04535004869103432,-1.021584272384644,0,0
3380,669,-0.5698870420455933,0.06048591807484627,-1.011940717697144,0,0
3380,670,-0.5978404879570007,0.07244773954153061,-1.004984259605408,0,0
3386,671,-0.6256710290908814,0.06768821924924851,-1.004495739936829,0,0
3393,672,-0.6254267692565918,0.06487980484962463,-1.003030061721802,0,0
3393,673,-0.6438595652580261,0.04669279605150223,-1.001200318336487,0,0
3397,674,-0.6295779347419739,0.04388438165187836,-0.9930208921432495,0,0
3403,675,-0.6271367073059082,0.03607216849923134,-0.9741010665893555,0,0
3408,676,-0.6104137897491455,0.01947218738496304,-0.9604292511940002,0,0
3413,677,-0.5883198976516724,0.007020256482064724,-0.940166711807251,0,0
3419,678,-0.5980847477912903,-0.03155225515365601,-0.9343071579933167,0,0
3427,679,-0.5933237075805664,-0.05242476239800453,-0.9260063767433167,0,0
3432,680,-0.5870984792709351,-0.06194691732525826,-0.9142888188362122,0,0
3432,681,-0.5845359563827515,-0.07695987075567246,-0.9081850051879883,0,0
3437,682,-0.5785534381866455,-0.08941180258989334,-0.8958559632301331,0,0
3442,683,-0.5734267234802246,-0.09746673703193665,-0.8856025338172913,0,0
3447,684,-0.5618305802345276,-0.1067446172237396,-0.8798659443855286,0,0
3453,685,-0.556582510471344,-0.1079644486308098,-0.8740063905715942,0,0
3458,686,-0.5449863076210022,-0.09588126838207245,-0.8724193572998047,0,0
3463,687,-0.5299717783927918,-0.08953316509723663,-0.8672926425933838,0,0
3469,688,-0.5150802135467529,-0.08648202568292618,-0.8697338700294495,0,0
3476,689,-0.4989672303199768,-0.08721330761909485,-0.8696125149726868,0,0
3482,690,-0.4906664490699768,-0.09795529395341873,-0.8577720522880554,0,0
3488,691,-0.5005542635917664,-0.1095514744520187,-0.8503254652023315,0,0
3488,692,-0.5289946794509888,-0.1255431026220322,-0.8443445563316345,0,0
3493,693,-0.474432110786438,-0.09209729731082916,-0.8636316061019898,0,0
3498,694,-0.5145916342735291,-0.09978659451007843,-0.8636316061019898,0,0
3503,695,-0.5464504361152649,-0.1160209402441979,-0.8675369024276733,0,0
3509,696,-0.5647603273391724,-0.1293270587921143,-0.8666827082633972,0,0
3514,697,-0.5835587978363037,-0.1566690355539322,-0.8816972374916077,0,0
3527,698,-0.6043099761009216,-0.1809598654508591,-0.8718094229698181,0,0
3527,699,-0.5856344103813171,-0.1594774425029755,-0.8857254981994629,0,0
3539,700,-0.5805076956748962,-0.1462942361831665,-0.8920720219612122,0,0
3539,701,-0.4981130361557007,-0.09673546254634857,-0.8941475749015808,0,0
3539,702,-0.4671084582805634,-0.07403010129928589,-0.8755934238433838,0,0
3546,703,-0.468451201915741,-0.0618240013718605,-0.8737620711326599,0,0
3553,704,-0.4436717927455902,-0.05608736723661423,-0.8961002826690674,0,0
3559,705,-0.4270702600479126,-0.05108201131224632,-0.8989086747169495,0,0
3559,706,-0.4350038468837738,-0.04827515408396721,-0.9065979719161987,0,0
3565,707,-0.4301213920116425,-0.04583393409848213,-0.9123361706733704,0,0
3571,708,-0.419746607542038,-0.04595529660582542,-0.9065979719161987,0,0
3576,709,-0.416693925857544,-0.03204081207513809,-0.9117246866226196,0,0
3581,710,-0.397285521030426,-0.01360797043889761,-0.9246636033058167,0,0
3586,711,-0.3659152984619141,-0.001767511363141239,-0.9180728197097778,0,0
3591,712,-0.3548076748847961,-0.002988899126648903,-0.9167300462722778,0,0
3595,713,-0.3358862996101379,-0.003964453469961882,-0.9020827412605286,0,0
3600,714,-0.3189191222190857,0.004213398788124323,-0.9022040963172913,0,0
3604,715,-0.3147695064544678,0.017275245860219,-0.9091621041297913,0,0
3610,716,-0.3036618828773499,0.02520881965756416,-0.9030582904815674,0,0
3617,717,-0.2934084534645081,0.02887142635881901,-0.8950017690658569,0,0
3622,718,-0.3067130148410797,0.02142485231161118,-0.8969560265541077,0,0
3627,719,-0.3239244520664215,0.01397827640175819,-0.924907922744751,0,0
3632,720,-0.3460183441638947,0.0004294305690564215,-0.9496873021125794,0,0
3635,721,-0.3417458236217499,0.005434786435216665,-0.9584766030311585,0,0
3639,722,-0.3634741008281708,0.02301187813282013,-0.9810590744018555,0,0
3644,723,-0.3655481040477753,0.03619508445262909,-0.9717811942100525,0,0
3649,724,-0.392281711101532,0.02350043319165707,-0.9819132685661316,0,0
3654,725,-0.4108359217643738,0.02667292952537537,-1.002175807952881,0,0
3659,726,-0.4133985042572022,0.0543820932507515,-0.989604115486145,0,0
3665,727,-0.4168168306350708,0.09283324331045151,-0.9780063629150391,0,0
3670,728,-0.4216992855072022,0.1161485239863396,-0.9700728058815002,0,0
3675,729,-0.4202351570129395,0.1358011960983276,-0.9682415127754211,0,0
3680,730,-0.4191351532936096,0.1441004127264023,-0.9528613686561585,0,0
3684,731,-0.4068076908588409,0.1514256298542023,-0.9518842101097107,0,0
3689,732,-0.4029007852077484,0.1411721855401993,-0.9481002688407898,0,0
3694,733,-0.3734832406044006,0.1492271274328232,-0.9352842569351196,0,0
3699,734,-0.3613985180854797,0.1519126296043396,-0.941143810749054,0,0
3704,735,-0.336619108915329,0.1660729348659515,-0.9167300462722778,0,0
3710,736,-0.3168450891971588,0.1901195049285889,-0.9234437942504883,0,0
3716,737,-0.3096427917480469,0.2024485170841217,-0.9251521825790405,0,0
3720,738,-0.2842534780502319,0.203912615776062,-0.9313773512840271,0,0
3725,739,-0.2959710359573364,0.1867027282714844,-0.9293033480644226,0,0
3730,740,-0.2953611016273499,0.174739345908165,-0.922222375869751,0,0
3735,741,-0.3135481178760529,0.151546984910965,-0.9228338599205017,0,0
3740,742,-0.3191633820533752,0.1389736980199814,-0.9236880540847778,0,0
3745,743,-0.3106198906898499,0.1310401260852814,-0.9212468266487122,0,0
3750,744,-0.3384504318237305,0.1101660579442978,-0.9264948964118958,0,0
3755,745,-0.36982062458992,0.08392255753278732,-0.9288147687911987,0,0
3766,746,-0.3882534801959992,0.05572484061121941,-0.9210025668144226,0,0
3766,747,-0.3867878019809723,0.04632560163736343,-0.9173399806022644,0,0
3771,748,-0.3364977538585663,0.05975308641791344,-0.9079407453536987,0,0
3777,749,-0.3589572906494141,0.04242027178406715,-0.9033025503158569,0,0
3781,750,-0.3897175788879395,0.03094545193016529,-0.9050109386444092,0,0
3785,751,-0.3822725713253021,0.03253247961401939,-0.9062323570251465,0,0
3790,752,-0.3281970024108887,0.02874851040542126,-0.9018384218215942,0,0
3795,753,-0.3297840058803558,0.02533018030226231,-0.9033025503158569,0,0
3800,754,-0.3758031129837036,0.01934927143156529,-0.9101376533508301,0,0
3805,755,-0.4074175953865051,0.01983782649040222,-0.9339414834976196,0,0
3813,756,-0.38507941365242,0.04998821020126343,-0.944804847240448,0,0
3818,757,-0.3914275169372559,0.06048591807484627,-0.9618949294090271,0,0
3823,758,-0.3552946746349335,0.0593874491751194,-0.9688513875007629,0,0
3827,759,-0.3402817249298096,0.08428820222616196,-0.9665331244468689,0,0
3830,760,-0.4314641654491425,0.06622254848480225,-0.9643361568450928,0,0
3835,761,-0.4383008182048798,0.09490882605314255,-0.9776407480239868,0,0
3840,762,-0.372140496969223,0.1046737059950829,-0.9921666979789734,0,0
3846,763,-0.3769015669822693,0.08843936026096344,-0.9705613255500794,0,0
3851,764,-0.3270985186100006,0.1072378382086754,-0.9515185952186585,0,0
3867,765,-0.2786382138729096,0.08880499750375748,-0.9377254843711853,0,0
3867,766,0.2202449887990952,0.2013500481843948,-0.871932327747345,0,0
3867,767,0.4051755368709564,0.3805423974990845,-0.8670483231544495,0,0
3874,768,-0.3969198763370514,0.2080637812614441,-1.161959767341614,0,0
3880,769,-0.4215763509273529,0.2001286596059799,-1.173069000244141,0,0
3886,770,-0.3305152952671051,0.1923164427280426,-1.058082699775696,0,0
3886,771,-0.3616427779197693,0.1028423979878426,-0.8868239521980286,0,0
3892,772,-0.4483099579811096,-0.03216217085719109,-0.70933997631073,0,0
3896,773,-0.5281404852867127,-0.1379934698343277,-0.6619781255722046,0,0
3901,774,-0.5726954936981201,-0.1918247789144516,-0.70933997631073,0,0
3910,775,-0.5458405017852783,-0.1863308697938919,-0.7514521479606628,0,0
3911,776,-0.498600035905838,-0.1339652240276337,-0.7892934083938599,0,0
3921,777,-0.4639343917369843,-0.07134459912776947,-0.8161484003067017,0,0
3925,778,-0.4041221737861633,-0.006405672989785671,-0.84092777967453,0,0
3927,779,-0.3950885832309723,0.01190425176173449,-0.8726636171340942,0,0
3931,780,-0.4151068925857544,0.01104850228875876,-0.8857254981994629,0,0
3936,781,-0.4170611202716827,0.00982866995036602,-0.9034254550933838,0,0
3941,782,-0.3992397487163544,0.01312408316880465,-0.9131903648376465,0,0
3946,783,-0.3921588063240051,0.01007294747978449,-0.9155086874961853,0,0
3952,784,-0.3909389674663544,0.006654618307948113,-0.9190499186515808,0,0
3961,785,-0.3942343890666962,0.009095837362110615,-0.9173399806022644,0,0
3967,786,-0.3983840048313141,0.009340114891529083,-0.9124575257301331,0,0
3973,787,-0.4019252359867096,0.01373399887233973,-0.9140445590019226,0,0
3973,788,-0.40033820271492,0.01947218738496304,-0.9140445590019226,0,0
3980,789,-0.4008252024650574,0.01800652220845223,-0.9153872728347778,0,0
3983,790,-0.4052206575870514,0.02325615473091602,-0.9124575257301331,0,0
3987,791,-0.405586302280426,0.03399814292788506,-0.9117246866226196,0,0
3992,792,-0.4063191115856171,0.04498285427689552,-0.9096506834030151,0,0
3997,793,-0.4046091735363007,0.04681415855884552,-0.9105048775672913,0,0
4003,794,-0.4060748517513275,0.05328362062573433,-0.9097720384597778,0,0
4010,795,-0.4083946943283081,0.05975308641791344,-0.902325451374054,0,0
4014,796,-0.4093702733516693,0.06646683067083359,-0.899152934551239,0,0
4019,797,-0.4160839915275574,0.06658974289894104,-0.8939033150672913,0,0
4024,798,-0.4202351570129395,0.06414853036403656,-0.899518609046936,0,0
4027,799,-0.4235305786132813,0.06329277902841568,-0.8976873159408569,0,0
4032,800,-0.4326855540275574,0.05914317071437836,-0.8964674472808838,0,0
4037,801,-0.4332954585552216,0.05877753347158432,-0.8968331217765808,0,0
4042,802,-0.4270702600479126,0.06048591807484627,-0.9002514481544495,0,0
4047,803,-0.4269473552703857,0.06256150454282761,-0.9086735248565674,0,0
4064,804,-0.4602717757225037,0.04290882870554924,-0.9083079099655151,0,0
4064,805,-0.4563664495944977,0.03692791983485222,-0.9144101738929749,0,0
4064,806,-0.4428160488605499,0.03875766694545746,-0.9128231406211853,0,0
4072,807,-0.4445259869098663,0.03888058289885521,-0.9225896000862122,0,0
4076,808,-0.4455015659332275,0.03826911002397537,-0.9196597933769226,0,0
4081,809,-0.4451359212398529,0.03741491585969925,-0.9174628853797913,0,0
4086,810,-0.444891631603241,0.03631644695997238,-0.9158758521080017,0,0
4088,811,-0.4437931776046753,0.039369136095047,-0.9163644313812256,0,0
4092,812,-0.4436717927455902,0.04193171858787537,-0.9139232039451599,0,0
4097,813,-0.4406191110610962,0.04193171858787537,-0.9129461050033569,0,0
4105,814,-0.4378122687339783,0.04766834899783135,-0.9142888188362122,0,0
4110,815,-0.4297557771205902,0.05023248493671417,-0.9100162982940674,0,0
4115,816,-0.4291458427906036,0.05072104185819626,-0.9094063639640808,0,0
4120,817,-0.4242618680000305,0.05474928766489029,-0.9124575257301331,0,0
4123,818,-0.4179153144359589,0.05804470181465149,-0.9164857864379883,0,0
4128,819,-0.4130328595638275,0.06182866916060448,-0.9168514013290405,0,0
4133,820,-0.4080274999141693,0.05999736487865448,-0.9231995344161987,0,0
4138,821,-0.4083946943283081,0.06317141652107239,-0.9308903813362122,0,0
4143,822,-0.4022908806800842,0.06768821924924851,-0.9360170960426331,0,0
4148,823,-0.4009481370449066,0.07257065922021866,-0.934185802936554,0,0
4153,824,-0.4036336243152618,0.07269201427698135,-0.9352842569351196,0,0
4159,825,-0.3998496532440186,0.07379049062728882,-0.9332086443901062,0,0
4165,826,-0.3931359052658081,0.07916148006916046,-0.9304018020629883,0,0
4169,827,-0.3997267484664917,0.07586606591939926,-0.9304018020629883,0,0
4173,828,-0.3976527154445648,0.07244773954153061,-0.9236880540847778,0,0
4178,829,-0.3953328728675842,0.07073935121297836,-0.9253964424133301,0,0
4183,830,-0.3872763812541962,0.07098363339900971,-0.9293033480644226,0,0
4190,831,-0.3891076743602753,0.07159354537725449,-0.9319888353347778,0,0
4194,832,-0.3884977698326111,0.07318057119846344,-0.9299132823944092,0,0
4206,833,-0.3980183601379395,0.07122790813446045,-0.9238094091415405,0,0
4206,834,-0.3985069096088409,0.07025079429149628,-0.9195368885993958,0,0
4213,835,-0.400582492351532,0.07476759701967239,-0.9133117198944092,0,0
4219,836,-0.4036336243152618,0.08392255753278732,-0.9103819131851196,0,0
4224,837,-0.4029007852077484,0.08514394611120224,-0.9029369354248047,0,0
4225,838,-0.3891076743602753,0.0946645513176918,-0.8939033150672913,0,0
4230,839,-0.3970412611961365,0.09539738297462463,-0.8984200954437256,0,0
4234,840,-0.4119344055652618,0.09771568328142166,-0.9062323570251465,0,0
4239,841,-0.4241404831409454,0.09686148911714554,-0.9052551984786987,0,0
4244,842,-0.4256046116352081,0.09051338583230972,-0.9058666825294495,0,0
4253,843,-0.4201122522354126,0.08648669719696045,-0.9059880375862122,0,0
4257,844,-0.4118114709854126,0.0896591916680336,-0.9070865511894226,0,0
4260,845,-0.4092488884925842,0.08624242246150971,-0.9069651961326599,0,0
4265,846,-0.4071733057498932,0.0797729566693306,-0.9075750708580017,0,0
4269,847,-0.4066847562789917,0.07733173668384552,-0.9061110019683838,0,0
4274,848,-0.4116901159286499,0.07488895952701569,-0.9033025503158569,0,0
4279,849,-0.4103473722934723,0.07879584282636643,-0.9041567444801331,0,0
4284,850,-0.4086374342441559,0.07891720533370972,-0.9018384218215942,0,0
4289,851,-0.4096145331859589,0.08172561973333359,-0.9044010043144226,0,0
4300,852,-0.4049763679504395,0.0863637775182724,-0.9075750708580017,0,0
4300,853,-0.4229190945625305,0.07452332228422165,-0.9057437777519226,0,0
4305,854,-0.4184038639068604,0.0711049884557724,-0.9019598364830017,0,0
4310,855,-0.4168168306350708,0.08050423115491867,-0.9102605581283569,0,0
4315,856,-0.4254832565784454,0.08160270005464554,-0.9118475914001465,0,0
4319,857,-0.4370794296264648,0.07635462284088135,-0.9080636501312256,0,0
4324,858,-0.4332954585552216,0.08038286864757538,-0.9068422317504883,0,0
4329,859,-0.4330511689186096,0.08526530861854553,-0.9090391993522644,0,0
4334,860,-0.4466000199317932,0.08343400806188583,-0.9120919108390808,0,0
4339,861,-0.4511168301105499,0.07537751644849777,-0.9067208766937256,0,0
4350,862,-0.4500183463096619,0.07598898559808731,-0.9044010043144226,0,0
4350,863,-0.4480656981468201,0.07867448031902313,-0.9026926159858704,0,0
4355,864,-0.4550237059593201,0.07879584282636643,-0.8992742896080017,0,0
4360,865,-0.4575862884521484,0.08099278807640076,-0.8941475749015808,0,0
4365,866,-0.4595389664173126,0.08599814027547836,-0.8910964727401733,0,0
4370,867,-0.4613702595233917,0.08734089136123657,-0.8918277621269226,0,0
4375,868,-0.456853449344635,0.08917063474655151,-0.8856025338172913,0,0
4380,869,-0.4655214250087738,0.08611950278282166,-0.8858468532562256,0,0
4385,870,-0.4630801975727081,0.07965003699064255,-0.8791331052780151,0,0
4390,871,-0.4577091932296753,0.07952867448329926,-0.8793773651123047,0,0
4398,872,-0.4563664495944977,0.07891720533370972,-0.8843827247619629,0,0
4400,873,-0.4539252519607544,0.07684317976236343,-0.8796216249465942,0,0
4405,874,-0.4489198923110962,0.07867448031902313,-0.8802315592765808,0,0
4410,875,-0.4512397348880768,0.07513323426246643,-0.8808430433273315,0,0
4415,876,-0.4480656981468201,0.07354620844125748,-0.8803544640541077,0,0
4420,877,-0.437933623790741,0.07684317976236343,-0.8803544640541077,0,0
4425,878,-0.4406191110610962,0.06976224482059479,-0.8847483396530151,0,0
4430,879,-0.431952714920044,0.06719966232776642,-0.884259819984436,0,0
4436,880,-0.4242618680000305,0.07086071372032166,-0.8857254981994629,0,0
4443,881,-0.4231633841991425,0.06292714178562164,-0.8932933807373047,0,0
4449,882,-0.419746607542038,0.06329277902841568,-0.8957346081733704,0,0
4452,883,-0.4176710247993469,0.05902181193232536,-0.9024483561515808,0,0
4456,884,-0.4136427938938141,0.05853325501084328,-0.9022040963172913,0,0
4461,885,-0.4085160791873932,0.05950880795717239,-0.9079407453536987,0,0
4466,886,-0.4050977230072022,0.05999736487865448,-0.9116033315658569,0,0
4470,887,-0.4102244675159454,0.05316226184368134,-0.9139232039451599,0,0
4476,888,-0.4002152979373932,0.04962256923317909,-0.9219781160354614,0,0
4480,889,-0.4077832400798798,0.05059812590479851,-0.9240537285804749,0,0
4485,890,-0.4057092070579529,0.05072104185819626,-0.9207583069801331,0,0
4491,891,-0.3998496532440186,0.05328362062573433,-0.9260063767433167,0,0
4500,892,-0.4079061448574066,0.04949965327978134,-0.9286918640136719,0,0
4501,893,-0.4032679796218872,0.05267370492219925,-0.9327201247215271,0,0
4510,894,-0.4015580415725708,0.05340654030442238,-0.9351613521575928,0,0
4511,895,-0.4079061448574066,0.05047676339745522,-0.9339414834976196,0,0
4516,896,-0.4041221737861633,0.05645767599344254,-0.9338185787200928,0,0
4521,897,-0.40168097615242,0.0608515590429306,-0.9329643845558167,0,0
4526,898,-0.3985069096088409,0.06036455929279327,-0.9321101903915405,0,0
4531,899,-0.4063191115856171,0.06329277902841568,-0.9285705089569092,0,0
4536,900,-0.4048534631729126,0.06329277902841568,-0.925885021686554,0,0
4543,901,-0.3994824588298798,0.06903096288442612,-0.9272277355194092,0,0
4548,902,-0.397285521030426,0.06988515704870224,-0.9284476041793823,0,0
4553,903,-0.3991168141365051,0.0762317106127739,-0.9239323139190674,0,0
4558,904,-0.4032679796218872,0.07049507647752762,-0.9234437942504883,0,0
4561,905,-0.3954557776451111,0.06890805065631867,-0.9178285002708435,0,0
4566,906,-0.3944786787033081,0.07354620844125748,-0.9179498553276062,0,0
4571,907,-0.3937458395957947,0.07745309174060822,-0.9177071452140808,0,0
4577,908,-0.3960656821727753,0.07904012501239777,-0.9173399806022644,0,0
4582,909,-0.3953328728675842,0.0794057622551918,-0.9139232039451599,0,0
4588,910,-0.3916702568531036,0.07745309174060822,-0.9139232039451599,0,0
4594,911,-0.3937458395957947,0.0779416486620903,-0.914777398109436,0,0
4598,912,-0.3980183601379395,0.08013859391212463,-0.9145330786705017,0,0
4604,913,-0.3985069096088409,0.0779416486620903,-0.9131903648376465,0,0
4608,914,-0.3965542614459992,0.07757445424795151,-0.9087949395179749,0,0
4612,915,-0.4002152979373932,0.08025995641946793,-0.9062323570251465,0,0
4617,916,-0.4021679759025574,0.08245845139026642,-0.906476616859436,0,0
4622,917,-0.4046091735363007,0.07781873643398285,-0.9057437777519226,0,0
4627,918,-0.4057092070579529,0.07781873643398285,-0.9041567444801331,0,0
4632,919,-0.4059519171714783,0.07843020558357239,-0.9059880375862122,0,0
4637,920,-0.4096145331859589,0.08343400806188583,-0.9041567444801331,0,0
4643,921,-0.4112015664577484,0.08099278807640076,-0.8976873159408569,0,0
4651,922,-0.4046091735363007,0.08331264555454254,-0.9030582904815674,0,0
4655,923,-0.418769508600235,0.07843020558357239,-0.9011056423187256,0,0
4658,924,-0.4175496697425842,0.07659890502691269,-0.8979315757751465,0,0
4662,925,-0.4173053801059723,0.07965003699064255,-0.9063537120819092,0,0
4667,926,-0.420845091342926,0.07952867448329926,-0.9052551984786987,0,0
4672,927,-0.4218206405639648,0.07818593084812164,-0.9037911295890808,0,0
4677,928,-0.4179153144359589,0.07952867448329926,-0.9011056423187256,0,0
4682,929,-0.4184038639068604,0.08184698224067688,-0.9057437777519226,0,0
4690,930,-0.4270702600479126,0.07196073979139328,-0.9028140306472778,0,0
4695,931,-0.4342725574970245,0.07049507647752762,-0.900495707988739,0,0
4700,932,-0.4341496527194977,0.07257065922021866,-0.9025697112083435,0,0
4705,933,-0.4313427805900574,0.07647598534822464,-0.9013499021530151,0,0
4708,934,-0.4337840080261231,0.07635462284088135,-0.906476616859436,0,0
4712,935,-0.4345168471336365,0.07342485338449478,-0.9063537120819092,0,0
4717,936,-0.4361023008823395,0.07537751644849777,-0.9030582904815674,0,0
4722,937,-0.4364694952964783,0.07574471086263657,-0.9025697112083435,0,0
4727,938,-0.4326855540275574,0.07513323426246643,-0.9052551984786987,0,0
4733,939,-0.4352481067180634,0.07708745449781418,-0.9087949395179749,0,0
4742,940,-0.4336611032485962,0.07659890502691269,-0.9090391993522644,0,0
4748,941,-0.4337840080261231,0.07537751644849777,-0.9102605581283569,0,0
4755,942,-0.4343939423561096,0.07196073979139328,-0.9131903648376465,0,0
4755,943,-0.4318313598632813,0.07488895952701569,-0.9098949432373047,0,0
4761,944,-0.4324412643909454,0.07452332228422165,-0.9118475914001465,0,0
4764,945,-0.431708425283432,0.07415768504142761,-0.9119689464569092,0,0
4769,946,-0.4326855540275574,0.07196073979139328,-0.9119689464569092,0,0
4774,947,-0.4287786483764648,0.07305920869112015,-0.9120919108390808,0,0
4779,948,-0.4260931611061096,0.0728149339556694,-0.9098949432373047,0,0
4785,949,-0.4285343885421753,0.07232637703418732,-0.9119689464569092,0,0
4792,950,-0.4262160658836365,0.07525615394115448,-0.9095277190208435,0,0
4799,951,-0.4265817105770111,0.0779416486620903,-0.910626232624054,0,0
4799,952,-0.4245061278343201,0.07684317976236343,-0.9118475914001465,0,0
4805,953,-0.4252389669418335,0.07513323426246643,-0.9148987531661987,0,0
4810,954,-0.4231633841991425,0.07513323426246643,-0.910626232624054,0,0
4814,955,-0.4207221567630768,0.07318057119846344,-0.9073308110237122,0,0
4819,956,-0.4177923798561096,0.0728149339556694,-0.9113590717315674,0,0
4823,957,-0.4176710247993469,0.07366912811994553,-0.9094063639640808,0,0
4829,958,-0.4168168306350708,0.07476759701967239,-0.909283459186554,0,0
4840,959,-0.4177923798561096,0.07220346480607987,-0.9096506834030151,0,0
4840,960,-0.4174267649650574,0.07379049062728882,-0.909283459186554,0,0
4847,961,-0.4152297973632813,0.07440195977687836,-0.9096506834030151,0,0
4853,962,-0.4158397316932678,0.07183782011270523,-0.9094063639640808,0,0
4858,963,-0.4118114709854126,0.07171646505594254,-0.9089178442955017,0,0
4859,964,-0.4123000502586365,0.07244773954153061,-0.9089178442955017,0,0
4864,965,-0.4115672111511231,0.07122790813446045,-0.9097720384597778,0,0
4869,966,-0.4132771492004395,0.0678095817565918,-0.9102605581283569,0,0
4874,967,-0.4114458560943604,0.06829813122749329,-0.9085521697998047,0,0
4879,968,-0.410468727350235,0.06854241341352463,-0.9083079099655151,0,0
4888,969,-0.4116901159286499,0.06536836177110672,-0.9119689464569092,0,0
4894,970,-0.4132771492004395,0.06439124792814255,-0.9145330786705017,0,0
4900,971,-0.4096145331859589,0.06854241341352463,-0.917584240436554,0,0
4900,972,-0.410468727350235,0.06903096288442612,-0.9159972071647644,0,0
4905,973,-0.413521409034729,0.06793249398469925,-0.9174628853797913,0,0
4910,974,-0.4138870537281036,0.07000651955604553,-0.917584240436554,0,0
4914,975,-0.4163282811641693,0.07171646505594254,-0.9156315922737122,0,0
4919,976,-0.4151068925857544,0.0711049884557724,-0.914777398109436,0,0
4924,977,-0.4157183766365051,0.07012943923473358,-0.9108704924583435,0,0
4931,978,-0.4181595742702484,0.07196073979139328,-0.9114804267883301,0,0
4936,979,-0.4162069261074066,0.07537751644849777,-0.9107491374015808,0,0
4942,980,-0.4174267649650574,0.07891720533370972,-0.9072094559669495,0,0
4947,981,-0.4162069261074066,0.07562179118394852,-0.9094063639640808,0,0
4952,982,-0.4165725708007813,0.07769737392663956,-0.9089178442955017,0,0
4955,983,-0.4140084087848663,0.07989431172609329,-0.9086735248565674,0,0
4959,984,-0.4138870537281036,0.07818593084812164,-0.9089178442955017,0,0
4965,985,-0.4149855375289917,0.07781873643398285,-0.9084292650222778,0,0
4970,986,-0.416449636220932,0.07928439974784851,-0.9089178442955017,0,0
4975,987,-0.4141313433647156,0.07757445424795151,-0.9070865511894226,0,0
4987,988,-0.4136427938938141,0.07403476536273956,-0.9065979719161987,0,0
4987,989,-0.4136427938938141,0.07342485338449478,-0.9074521660804749,0,0
4994,990,-0.4137641489505768,0.07366912811994553,-0.9080636501312256,0,0
5000,991,-0.4113229215145111,0.07427904009819031,-0.9090391993522644,0,0
5005,992,-0.4141313433647156,0.07562179118394852,-0.905133843421936,0,0
5005,993,-0.4124214053153992,0.07354620844125748,-0.9034254550933838,0,0
5010,994,-0.413521409034729,0.07391340285539627,-0.9040353894233704,0,0
5015,995,-0.4151068925857544,0.07476759701967239,-0.9085521697998047,0,0
5020,996,-0.4162069261074066,0.07183782011270523,-0.9062323570251465,0,0
5026,997,-0.4165725708007813,0.07122790813446045,-0.9075750708580017,0,0
5036,998,-0.4146198928356171,0.07171646505594254,-0.9100162982940674,0,0
5036,999,-0.4165725708007813,0.07073935121297836,-0.9111147522926331,0,0
5042,1000,-0.4163282811641693,0.0696408823132515,-0.9118475914001465,0,0
5047,1001,-0.4176710247993469,0.07196073979139328,-0.9096506834030151,0,0
5053,1002,-0.4191351532936096,0.07366912811994553,-0.9089178442955017,0,0
5056,1003,-0.4195023477077484,0.07134927064180374,-0.9130674600601196,0,0
5060,1004,-0.418769508600235,0.07244773954153061,-0.9128231406211853,0,0
5065,1005,-0.418769508600235,0.07647598534822464,-0.9091621041297913,0,0
5070,1006,-0.419746607542038,0.07342485338449478,-0.9127017855644226,0,0
5076,1007,-0.4214549958705902,0.07415768504142761,-0.9138002991676331,0,0
5081,1008,-0.4218206405639648,0.0762317106127739,-0.9118475914001465,0,0
5091,1009,-0.4207221567630768,0.07403476536273956,-0.9094063639640808,0,0
5095,1010,-0.4226763844490051,0.07513323426246643,-0.9059880375862122,0,0
5096,1011,-0.4227977395057678,0.07891720533370972,-0.905133843421936,0,0
5101,1012,-0.4212107062339783,0.07879584282636643,-0.9050109386444092,0,0
5106,1013,-0.4204778969287872,0.07916148006916046,-0.9076964259147644,0,0
5111,1014,-0.4214549958705902,0.07830728590488434,-0.902325451374054,0,0
5116,1015,-0.4181595742702484,0.08001567423343658,-0.9037911295890808,0,0
5121,1016,-0.4203565120697022,0.07757445424795151,-0.9034254550933838,0,0
5131,1017,-0.4185252189636231,0.07403476536273956,-0.9040353894233704,0,0
5131,1018,-0.4153511822223663,0.07598898559808731,-0.9028140306472778,0,0
5141,1019,-0.4165725708007813,0.07574471086263657,-0.9059880375862122,0,0
5141,1020,-0.4154740869998932,0.07440195977687836,-0.9062323570251465,0,0
5146,1021,-0.416693925857544,0.07257065922021866,-0.9063537120819092,0,0
5151,1022,-0.4168168306350708,0.07220346480607987,-0.9081850051879883,0,0
5156,1023,-0.4165725708007813,0.07391340285539627,-0.909283459186554,0,0
5162,1024,-0.4191351532936096,0.07318057119846344,-0.9042796492576599,0,0
5166,1025,-0.4190137684345245,0.07318057119846344,-0.9080636501312256,0,0
5177,1026,-0.4158397316932678,0.07488895952701569,-0.9094063639640808,0,0
5177,1027,-0.4185252189636231,0.07061798870563507,-0.9084292650222778,0,0
5182,1028,-0.4181595742702484,0.07391340285539627,-0.9074521660804749,0,0
5187,1029,-0.4186481535434723,0.07659890502691269,-0.9112377166748047,0,0
5192,1030,-0.4169381856918335,0.07232637703418732,-0.9116033315658569,0,0
5197,1031,-0.4186481535434723,0.07232637703418732,-0.9140445590019226,0,0
5201,1032,-0.4199908971786499,0.07550042867660523,-0.9131903648376465,0,0
5206,1033,-0.4169381856918335,0.07269201427698135,-0.9120919108390808,0,0
5211,1034,-0.4168168306350708,0.07427904009819031,-0.9111147522926331,0,0
5216,1035,-0.4170611202716827,0.07427904009819031,-0.9130674600601196,0,0
5223,1036,-0.4221878349781036,0.07574471086263657,-0.9116033315658569,0,0
5227,1037,-0.4223091900348663,0.07562179118394852,-0.9070865511894226,0,0
5239,1038,-0.4218206405639648,0.07818593084812164,-0.9003728032112122,0,0
5239,1039,-0.4229190945625305,0.07904012501239777,-0.9091621041297913,0,0
5243,1040,-0.4245061278343201,0.07488895952701569,-0.9113590717315674,0,0
5247,1041,-0.4229190945625305,0.07403476536273956,-0.9025697112083435,0,0
5252,1042,-0.419746607542038,0.07476759701967239,-0.9070865511894226,0,0
5257,1043,-0.420845091342926,0.07672026008367539,-0.9044010043144226,0,0
5262,1044,-0.4207221567630768,0.07769737392663956,-0.9084292650222778,0,0
5267,1045,-0.4209664463996887,0.07476759701967239,-0.9076964259147644,0,0
5276,1046,-0.418769508600235,0.07366912811994553,-0.9056224226951599,0,0
5281,1047,-0.4185252189636231,0.07330349087715149,-0.9063537120819092,0,0
5285,1048,-0.4182809591293335,0.0762317106127739,-0.9089178442955017,0,0
5292,1049,-0.4192580580711365,0.07476759701967239,-0.9063537120819092,0,0
5293,1050,-0.4181595742702484,0.07354620844125748,-0.905133843421936,0,0
5298,1051,-0.4191351532936096,0.07244773954153061,-0.9048895835876465,0,0
5303,1052,-0.416693925857544,0.07476759701967239,-0.9057437777519226,0,0
5308,1053,-0.4177923798561096,0.07720881700515747,-0.9107491374015808,0,0
5315,1054,-0.4191351532936096,0.07269201427698135,-0.9084292650222778,0,0
5319,1055,-0.4196237027645111,0.07427904009819031,-0.9087949395179749,0,0
5325,1056,-0.4193794131278992,0.07598898559808731,-0.9069651961326599,0,0
5329,1057,-0.4206008017063141,0.07391340285539627,-0.9069651961326599,0,0
5335,1058,-0.4190137684345245,0.07488895952701569,-0.9084292650222778,0,0
5339,1059,-0.4203565120697022,0.07269201427698135,-0.9076964259147644,0,0
5343,1060,-0.4184038639068604,0.07574471086263657,-0.9096506834030151,0,0
5348,1061,-0.4155954420566559,0.07806301116943359,-0.9075750708580017,0,0
5353,1062,-0.4188924133777618,0.07488895952701569,-0.9072094559669495,0,0
5358,1063,-0.4180366694927216,0.07586606591939926,-0.9075750708580017,0,0
5363,1064,-0.4184038639068604,0.07647598534822464,-0.9058666825294495,0,0
5369,1065,-0.4191351532936096,0.07781873643398285,-0.9046453237533569,0,0
5375,1066,-0.4160839915275574,0.07855156809091568,-0.9081850051879883,0,0
5381,1067,-0.4170611202716827,0.07696454226970673,-0.9074521660804749,0,0
5386,1068,-0.4165725708007813,0.07989431172609329,-0.9047682285308838,0,0
5393,1069,-0.4169381856918335,0.07928439974784851,-0.9057437777519226,0,0
5393,1070,-0.4190137684345245,0.07586606591939926,-0.9083079099655151,0,0
5399,1071,-0.4185252189636231,0.07684317976236343,-0.9059880375862122,0,0
5403,1072,-0.4186481535434723,0.07843020558357239,-0.9063537120819092,0,0
5409,1073,-0.4162069261074066,0.07635462284088135,-0.905133843421936,0,0
5413,1074,-0.4174267649650574,0.07513323426246643,-0.9059880375862122,0,0
5422,1075,-0.4203565120697022,0.07659890502691269,-0.9079407453536987,0,0
5426,1076,-0.4175496697425842,0.07843020558357239,-0.9069651961326599,0,0
5433,1077,-0.4154740869998932,0.07757445424795151,-0.9062323570251465,0,0
5436,1078,-0.4201122522354126,0.07318057119846344,-0.9045239686965942,0,0
5439,1079,-0.4188924133777618,0.07574471086263657,-0.9062323570251465,0,0
5443,1080,-0.4176710247993469,0.07806301116943359,-0.9059880375862122,0,0
5448,1081,-0.4196237027645111,0.07952867448329926,-0.9054995179176331,0,0
5453,1082,-0.4243847727775574,0.08013859391212463,-0.9037911295890808,0,0
5459,1083,-0.4204778969287872,0.07806301116943359,-0.9065979719161987,0,0
5463,1084,-0.4177923798561096,0.07647598534822464,-0.9030582904815674,0,0
5470,1085,-0.4204778969287872,0.07403476536273956,-0.9018384218215942,0,0
5475,1086,-0.418769508600235,0.07757445424795151,-0.9022040963172913,0,0
5480,1087,-0.4184038639068604,0.07696454226970673,-0.9054995179176331,0,0
5485,1088,-0.4196237027645111,0.0746462345123291,-0.9087949395179749,0,0
5490,1089,-0.4182809591293335,0.07330349087715149,-0.9100162982940674,0,0
5494,1090,-0.4195023477077484,0.07440195977687836,-0.9102605581283569,0,0
5499,1091,-0.4188924133777618,0.07379049062728882,-0.9138002991676331,0,0
5504,1092,-0.4174267649650574,0.07025079429149628,-0.9133117198944092,0,0
5509,1093,-0.4218206405639648,0.07391340285539627,-0.9123361706733704,0,0
5515,1094,-0.4207221567630768,0.07354620844125748,-0.9107491374015808,0,0
5519,1095,-0.4188924133777618,0.07171646505594254,-0.9122132658958435,0,0
5525,1096,-0.4240191280841827,0.07098363339900971,-0.9139232039451599,0,0
5534,1097,-0.4243847727775574,0.07354620844125748,-0.9105048775672913,0,0
5534,1098,-0.4232862889766693,0.07269201427698135,-0.9102605581283569,0,0
5539,1099,-0.4238962233066559,0.07049507647752762,-0.907819390296936,0,0
5544,1100,-0.423651933670044,0.07086071372032166,-0.9059880375862122,0,0
5549,1101,-0.4209664463996887,0.07318057119846344,-0.9097720384597778,0,0
5554,1102,-0.4198679625988007,0.0729362964630127,-0.9063537120819092,0,0
5559,1103,-0.4198679625988007,0.07562179118394852,-0.9058666825294495,0,0
5567,1104,-0.4193794131278992,0.07525615394115448,-0.9070865511894226,0,0
5572,1105,-0.4201122522354126,0.07501187920570374,-0.9080636501312256,0,0
5577,1106,-0.4209664463996887,0.0729362964630127,-0.9087949395179749,0,0
5582,1107,-0.4206008017063141,0.07403476536273956,-0.9075750708580017,0,0
5585,1108,-0.4215763509273529,0.07244773954153061,-0.9090391993522644,0,0
5590,1109,-0.4191351532936096,0.06903096288442612,-0.9085521697998047,0,0
5595,1110,-0.4180366694927216,0.07183782011270523,-0.9074521660804749,0,0
5599,1111,-0.4181595742702484,0.07159354537725449,-0.9048895835876465,0,0
5604,1112,-0.4210893511772156,0.06878668814897537,-0.9067208766937256,0,0
5610,1113,-0.420845091342926,0.0696408823132515,-0.9117246866226196,0,0
5615,1114,-0.4212107062339783,0.07086071372032166,-0.9058666825294495,0,0
5621,1115,-0.4193794131278992,0.06927524507045746,-0.9076964259147644,0,0
5629,1116,-0.4198679625988007,0.0678095817565918,-0.9098949432373047,0,0
5633,1117,-0.4190137684345245,0.06768821924924851,-0.9073308110237122,0,0
5635,1118,-0.4171824753284454,0.06866376847028732,-0.9073308110237122,0,0
5640,1119,-0.4177923798561096,0.07037371397018433,-0.909283459186554,0,0
5646,1120,-0.4207221567630768,0.07000651955604553,-0.9102605581283569,0,0
5650,1121,-0.4180366694927216,0.06939660757780075,-0.9105048775672913,0,0
5655,1122,-0.4181595742702484,0.0711049884557724,-0.9086735248565674,0,0
5664,1123,-0.4159626364707947,0.07220346480607987,-0.9090391993522644,0,0
5665,1124,-0.4190137684345245,0.07208210229873657,-0.9103819131851196,0,0
5674,1125,-0.4174267649650574,0.07781873643398285,-0.9094063639640808,0,0
5675,1126,-0.4159626364707947,0.07476759701967239,-0.9081850051879883,0,0
5680,1127,-0.4177923798561096,0.07305920869112015,-0.9072094559669495,0,0
5685,1128,-0.4179153144359589,0.07427904009819031,-0.9101376533508301,0,0
5690,1129,-0.4130328595638275,0.07342485338449478,-0.9096506834030151,0,0
5695,1130,-0.4131542146205902,0.07244773954153061,-0.9091621041297913,0,0
5700,1131,-0.4129099547863007,0.07196073979139328,-0.9065979719161987,0,0
5705,1132,-0.4130328595638275,0.0746462345123291,-0.9112377166748047,0,0
5712,1133,-0.4136427938938141,0.07342485338449478,-0.9130674600601196,0,0
5717,1134,-0.413521409034729,0.07354620844125748,-0.9090391993522644,0,0
5724,1135,-0.4155954420566559,0.07330349087715149,-0.9090391993522644,0,0
5728,1136,-0.4149855375289917,0.07403476536273956,-0.9091621041297913,0,0
5731,1137,-0.4137641489505768,0.07257065922021866,-0.913434624671936,0,0
5735,1138,-0.4152297973632813,0.07379049062728882,-0.9125804305076599,0,0
5741,1139,-0.4131542146205902,0.07232637703418732,-0.9103819131851196,0,0
5746,1140,-0.4140084087848663,0.07208210229873657,-0.9127017855644226,0,0
5751,1141,-0.413521409034729,0.07208210229873657,-0.9096506834030151,0,0
5756,1142,-0.4147412478923798,0.07257065922021866,-0.9102605581283569,0,0
5762,1143,-0.4149855375289917,0.07122790813446045,-0.9116033315658569,0,0
5767,1144,-0.4158397316932678,0.07391340285539627,-0.9091621041297913,0,0
5772,1145,-0.4191351532936096,0.07147218286991119,-0.9097720384597778,0,0
5777,1146,-0.4160839915275574,0.0728149339556694,-0.9095277190208435,0,0
5781,1147,-0.4176710247993469,0.07257065922021866,-0.9101376533508301,0,0
5786,1148,-0.419746607542038,0.07086071372032166,-0.9119689464569092,0,0
5791,1149,-0.4207221567630768,0.0695195198059082,-0.9097720384597778,0,0
5796,1150,-0.4192580580711365,0.06866376847028732,-0.9096506834030151,0,0
5801,1151,-0.4186481535434723,0.07183782011270523,-0.9107491374015808,0,0
5810,1152,-0.4199908971786499,0.06927524507045746,-0.9112377166748047,0,0
5812,1153,-0.4177923798561096,0.07061798870563507,-0.9127017855644226,0,0
5817,1154,-0.4188924133777618,0.06841949373483658,-0.9130674600601196,0,0
5825,1155,-0.4196237027645111,0.07232637703418732,-0.9120919108390808,0,0
5827,1156,-0.4188924133777618,0.07330349087715149,-0.9124575257301331,0,0
5831,1157,-0.4199908971786499,0.07244773954153061,-0.9076964259147644,0,0
5837,1158,-0.4207221567630768,0.07342485338449478,-0.9076964259147644,0,0
5842,1159,-0.4180366694927216,0.07037371397018433,-0.9097720384597778,0,0
5847,1160,-0.4162069261074066,0.0728149339556694,-0.9068422317504883,0,0
5852,1161,-0.4188924133777618,0.07415768504142761,-0.9074521660804749,0,0
5859,1162,-0.4181595742702484,0.07086071372032166,-0.9084292650222778,0,0
5862,1163,-0.419746607542038,0.07012943923473358,-0.9072094559669495,0,0
5870,1164,-0.4180366694927216,0.0696408823132515,-0.906476616859436,0,0
5875,1165,-0.418769508600235,0.07305920869112015,-0.9037911295890808,0,0
5877,1166,-0.4182809591293335,0.07232637703418732,-0.9059880375862122,0,0
5882,1167,-0.4195023477077484,0.0695195198059082,-0.9048895835876465,0,0
5887,1168,-0.4179153144359589,0.07061798870563507,-0.9079407453536987,0,0
5892,1169,-0.4175496697425842,0.06854241341352463,-0.9065979719161987,0,0
5897,1170,-0.4171824753284454,0.06768821924924851,-0.9108704924583435,0,0
5902,1171,-0.4201122522354126,0.06890805065631867,-0.9107491374015808,0,0
5911,1172,-0.4199908971786499,0.06988515704870224,-0.9091621041297913,0,0
5916,1173,-0.4185252189636231,0.0696408823132515,-0.9125804305076599,0,0
5920,1174,-0.4195023477077484,0.06719966232776642,-0.9087949395179749,0,0
5924,1175,-0.4138870537281036,0.06744393706321716,-0.9072094559669495,0,0
5928,1176,-0.4181595742702484,0.07147218286991119,-0.9090391993522644,0,0
5933,1177,-0.4179153144359589,0.07134927064180374,-0.9105048775672913,0,0
5938,1178,-0.4153511822223663,0.06976224482059479,-0.9074521660804749,0,0
5943,1179,-0.4170611202716827,0.07147218286991119,-0.9108704924583435,0,0
5948,1180,-0.418769508600235,0.0678095817565918,-0.9101376533508301,0,0
5954,1181,-0.4157183766365051,0.07037371397018433,-0.9068422317504883,0,0
5960,1182,-0.4152297973632813,0.07269201427698135,-0.909283459186554,0,0
5964,1183,-0.4158397316932678,0.07171646505594254,-0.9101376533508301,0,0
5969,1184,-0.4133985042572022,0.07073935121297836,-0.9111147522926331,0,0
5973,1185,-0.416693925857544,0.07061798870563507,-0.9108704924583435,0,0
5978,1186,-0.4158397316932678,0.07159354537725449,-0.9118475914001465,0,0
5983,1187,-0.416693925857544,0.07342485338449478,-0.9148987531661987,0,0
5988,1188,-0.4153511822223663,0.07415768504142761,-0.9114804267883301,0,0
5993,1189,-0.4141313433647156,0.07318057119846344,-0.9114804267883301,0,0
5998,1190,-0.4152297973632813,0.07098363339900971,-0.9112377166748047,0,0
6007,1191,-0.4146198928356171,0.06756529957056046,-0.9131903648376465,0,0
6011,1192,-0.4118114709854126,0.06890805065631867,-0.9118475914001465,0,0
6016,1193,-0.4129099547863007,0.06939660757780075,-0.913434624671936,0,0
6021,1194,-0.4137641489505768,0.0695195198059082,-0.9139232039451599,0,0
6023,1195,-0.4133985042572022,0.06829813122749329,-0.9128231406211853,0,0
6028,1196,-0.4110802114009857,0.06829813122749329,-0.9141659140586853,0,0
6033,1197,-0.4130328595638275,0.06719966232776642,-0.9140445590019226,0,0
6039,1198,-0.4163282811641693,0.06695538759231567,-0.9129461050033569,0,0
6043,1199,-0.4152297973632813,0.06890805065631867,-0.9107491374015808,0,0
6049,1200,-0.4136427938938141,0.06732102483510971,-0.9109933972358704,0,0
6059,1201,-0.4131542146205902,0.06890805065631867,-0.909283459186554,0,0
6064,1202,-0.4153511822223663,0.06890805065631867,-0.9146544933319092,0,0
6064,1203,-0.4124214053153992,0.07025079429149628,-0.9159972071647644,0,0
6070,1204,-0.4131542146205902,0.06878668814897537,-0.9100162982940674,0,0
6074,1205,-0.414864182472229,0.06976224482059479,-0.9109933972358704,0,0
6079,1206,-0.4142526984214783,0.0696408823132515,-0.9117246866226196,0,0
6084,1207,-0.4144969880580902,0.06890805065631867,-0.9069651961326599,0,0
6089,1208,-0.4163282811641693,0.07000651955604553,-0.9096506834030151,0,0
6094,1209,-0.4142526984214783,0.07073935121297836,-0.9087949395179749,0,0
6100,1210,-0.4137641489505768,0.0728149339556694,-0.9073308110237122,0,0
6106,1211,-0.4136427938938141,0.07318057119846344,-0.909283459186554,0,0
6111,1212,-0.4143756031990051,0.07171646505594254,-0.9105048775672913,0,0
6115,1213,-0.4174267649650574,0.06927524507045746,-0.9086735248565674,0,0
6121,1214,-0.416449636220932,0.07086071372032166,-0.9047682285308838,0,0
6124,1215,-0.4170611202716827,0.06939660757780075,-0.9079407453536987,0,0
6129,1216,-0.4149855375289917,0.07073935121297836,-0.9094063639640808,0,0
6134,1217,-0.416693925857544,0.07037371397018433,-0.9112377166748047,0,0
6139,1218,-0.4173053801059723,0.07147218286991119,-0.9140445590019226,0,0
6144,1219,-0.4151068925857544,0.06903096288442612,-0.914777398109436,0,0
6156,1220,-0.4146198928356171,0.06939660757780075,-0.9142888188362122,0,0
6156,1221,-0.4165725708007813,0.06768821924924851,-0.9123361706733704,0,0
6162,1222,-0.4176710247993469,0.06573399901390076,-0.9120919108390808,0,0
6168,1223,-0.4171824753284454,0.06732102483510971,-0.9130674600601196,0,0
6173,1224,-0.4170611202716827,0.06903096288442612,-0.9111147522926331,0,0
6175,1225,-0.4188924133777618,0.06854241341352463,-0.9131903648376465,0,0
6179,1226,-0.4203565120697022,0.06756529957056046,-0.9146544933319092,0,0
6184,1227,-0.4188924133777618,0.06719966232776642,-0.9131903648376465,0,0
6190,1228,-0.4186481535434723,0.06988515704870224,-0.9113590717315674,0,0
6194,1229,-0.4207221567630768,0.06829813122749329,-0.9087949395179749,0,0
6201,1230,-0.4175496697425842,0.07025079429149628,-0.9085521697998047,0,0
6206,1231,-0.4147412478923798,0.07342485338449478,-0.9081850051879883,0,0
6211,1232,-0.416449636220932,0.0746462345123291,-0.9097720384597778,0,0
6216,1233,-0.4142526984214783,0.0728149339556694,-0.909283459186554,0,0
6220,1234,-0.4160839915275574,0.07244773954153061,-0.9108704924583435,0,0
6225,1235,-0.4165725708007813,0.0729362964630127,-0.9072094559669495,0,0
6230,1236,-0.4141313433647156,0.06915232539176941,-0.9087949395179749,0,0
6235,1237,-0.412544310092926,0.07098363339900971,-0.9105048775672913,0,0
6240,1238,-0.4144969880580902,0.06927524507045746,-0.9100162982940674,0,0
6246,1239,-0.4146198928356171,0.06768821924924851,-0.9073308110237122,0,0
6251,1240,-0.414864182472229,0.06793249398469925,-0.9085521697998047,0,0
6255,1241,-0.414864182472229,0.06866376847028732,-0.9087949395179749,0,0
6264,1242,-0.412788599729538,0.06768821924924851,-0.9052551984786987,0,0
6265,1243,-0.4142526984214783,0.06646683067083359,-0.905133843421936,0,0
6271,1244,-0.4137641489505768,0.06683402508497238,-0.9114804267883301,0,0
6275,1245,-0.4169381856918335,0.06744393706321716,-0.9094063639640808,0,0
6280,1246,-0.4151068925857544,0.06768821924924851,-0.9087949395179749,0,0
6285,1247,-0.414864182472229,0.06402561068534851,-0.9107491374015808,0,0
6290,1248,-0.4146198928356171,0.06304849684238434,-0.9112377166748047,0,0
6298,1249,-0.4152297973632813,0.06573399901390076,-0.9116033315658569,0,0
6303,1250,-0.4170611202716827,0.06536836177110672,-0.9122132658958435,0,0
6308,1251,-0.4142526984214783,0.06671110540628433,-0.9119689464569092,0,0
6313,1252,-0.4162069261074066,0.0678095817565918,-0.9124575257301331,0,0
6316,1253,-0.4152297973632813,0.07098363339900971,-0.9129461050033569,0,0
6320,1254,-0.4158397316932678,0.06854241341352463,-0.9133117198944092,0,0
6325,1255,-0.416449636220932,0.06927524507045746,-0.9125804305076599,0,0
6331,1256,-0.4157183766365051,0.06927524507045746,-0.9129461050033569,0,0
6336,1257,-0.4168168306350708,0.06866376847028732,-0.9111147522926331,0,0
6340,1258,-0.413521409034729,0.0695195198059082,-0.9128231406211853,0,0
6347,1259,-0.4157183766365051,0.07049507647752762,-0.9116033315658569,0,0
6353,1260,-0.4140084087848663,0.06976224482059479,-0.9086735248565674,0,0
6358,1261,-0.4153511822223663,0.07061798870563507,-0.9138002991676331,0,0
6361,1262,-0.4151068925857544,0.07012943923473358,-0.9103819131851196,0,0
6366,1263,-0.4171824753284454,0.06866376847028732,-0.9098949432373047,0,0
6371,1264,-0.4144969880580902,0.06585691124200821,-0.9100162982940674,0,0
6376,1265,-0.4140084087848663,0.06976224482059479,-0.9113590717315674,0,0
6381,1266,-0.4160839915275574,0.07061798870563507,-0.9120919108390808,0,0
6386,1267,-0.4132771492004395,0.06903096288442612,-0.9113590717315674,0,0
6393,1268,-0.4129099547863007,0.07196073979139328,-0.9114804267883301,0,0
6397,1269,-0.4155954420566559,0.0696408823132515,-0.9109933972358704,0,0
6403,1270,-0.4158397316932678,0.06841949373483658,-0.9120919108390808,0,0
6408,1271,-0.4152297973632813,0.06903096288442612,-0.9109933972358704,0,0
6412,1272,-0.4155954420566559,0.0696408823132515,-0.9095277190208435,0,0
6417,1273,-0.4169381856918335,0.0695195198059082,-0.9090391993522644,0,0
6421,1274,-0.4170611202716827,0.06646683067083359,-0.910626232624054,0,0
6426,1275,-0.4177923798561096,0.06695538759231567,-0.9140445590019226,0,0
6431,1276,-0.4170611202716827,0.0695195198059082,-0.9063537120819092,0,0
6436,1277,-0.4171824753284454,0.07183782011270523,-0.9061110019683838,0,0
6446,1278,-0.4173053801059723,0.06988515704870224,-0.907819390296936,0,0
6451,1279,-0.4157183766365051,0.06841949373483658,-0.9125804305076599,0,0
6454,1280,-0.4152297973632813,0.06841949373483658,-0.9145330786705017,0,0
6459,1281,-0.4168168306350708,0.06890805065631867,-0.9113590717315674,0,0
6462,1282,-0.4165725708007813,0.06903096288442612,-0.9096506834030151,0,0
6467,1283,-0.4203565120697022,0.06610119342803955,-0.9069651961326599,0,0
6472,1284,-0.4199908971786499,0.06890805065631867,-0.9155086874961853,0,0
6477,1285,-0.4184038639068604,0.06939660757780075,-0.9113590717315674,0,0
6482,1286,-0.4155954420566559,0.06768821924924851,-0.909283459186554,0,0
6487,1287,-0.4158397316932678,0.0696408823132515,-0.9119689464569092,0,0
6494,1288,-0.4188924133777618,0.07086071372032166,-0.9103819131851196,0,0
6500,1289,-0.4176710247993469,0.06915232539176941,-0.9068422317504883,0,0
6505,1290,-0.4180366694927216,0.06756529957056046,-0.9044010043144226,0,0
6509,1291,-0.4195023477077484,0.06646683067083359,-0.9069651961326599,0,0
6513,1292,-0.4163282811641693,0.06707674264907837,-0.9107491374015808,0,0
6517,1293,-0.4162069261074066,0.07086071372032166,-0.9108704924583435,0,0
6522,1294,-0.4188924133777618,0.06866376847028732,-0.9113590717315674,0,0
6527,1295,-0.4193794131278992,0.06707674264907837,-0.9100162982940674,0,0
6532,1296,-0.4171824753284454,0.0696408823132515,-0.909283459186554,0,0
6539,1297,-0.4162069261074066,0.0696408823132515,-0.9094063639640808,0,0
6544,1298,-0.4165725708007813,0.07073935121297836,-0.9075750708580017,0,0
6548,1299,-0.4158397316932678,0.06939660757780075,-0.909283459186554,0,0
6553,1300,-0.4143756031990051,0.06976224482059479,-0.9085521697998047,0,0
6558,1301,-0.4162069261074066,0.0696408823132515,-0.9087949395179749,0,0
6562,1302,-0.4146198928356171,0.06610119342803955,-0.9085521697998047,0,0
6567,1303,-0.4151068925857544,0.06585691124200821,-0.9127017855644226,0,0
6573,1304,-0.4165725708007813,0.06939660757780075,-0.913434624671936,0,0
6578,1305,-0.4157183766365051,0.0695195198059082,-0.9111147522926331,0,0
6583,1306,-0.4177923798561096,0.06683402508497238,-0.9114804267883301,0,0
6592,1307,-0.4196237027645111,0.0663454681634903,-0.9116033315658569,0,0
6596,1308,-0.4181595742702484,0.06866376847028732,-0.9109933972358704,0,0
6602,1309,-0.4181595742702484,0.0695195198059082,-0.9107491374015808,0,0
6606,1310,-0.4179153144359589,0.07012943923473358,-0.9097720384597778,0,0
6608,1311,-0.4182809591293335,0.06976224482059479,-0.9103819131851196,0,0
6613,1312,-0.4181595742702484,0.06719966232776642,-0.9103819131851196,0,0
6618,1313,-0.4210893511772156,0.06866376847028732,-0.9103819131851196,0,0
6623,1314,-0.4213336408138275,0.06732102483510971,-0.910626232624054,0,0
6628,1315,-0.418769508600235,0.06756529957056046,-0.9100162982940674,0,0
6633,1316,-0.4214549958705902,0.07061798870563507,-0.9120919108390808,0,0
6638,1317,-0.4196237027645111,0.06915232539176941,-0.9095277190208435,0,0
6646,1318,-0.419746607542038,0.07379049062728882,-0.9080636501312256,0,0
6652,1319,-0.4221878349781036,0.0728149339556694,-0.9094063639640808,0,0
6656,1320,-0.4206008017063141,0.07269201427698135,-0.9070865511894226,0,0
6659,1321,-0.4215763509273529,0.07098363339900971,-0.9083079099655151,0,0
6663,1322,-0.4196237027645111,0.07073935121297836,-0.9113590717315674,0,0
6668,1323,-0.4218206405639648,0.07122790813446045,-0.9111147522926331,0,0
6673,1324,-0.4179153144359589,0.07232637703418732,-0.9098949432373047,0,0
6680,1325,-0.4191351532936096,0.07025079429149628,-0.9086735248565674,0,0
6684,1326,-0.4184038639068604,0.07122790813446045,-0.907819390296936,0,0
6691,1327,-0.4175496697425842,0.0729362964630127,-0.9098949432373047,0,0
6695,1328,-0.4173053801059723,0.07025079429149628,-0.9116033315658569,0,0
6703,1329,-0.4185252189636231,0.07244773954153061,-0.9083079099655151,0,0
6704,1330,-0.4185252189636231,0.06903096288442612,-0.9080636501312256,0,0
6710,1331,-0.4149855375289917,0.07012943923473358,-0.9079407453536987,0,0
6714,1332,-0.4190137684345245,0.07159354537725449,-0.9103819131851196,0,0
6718,1333,-0.418769508600235,0.0696408823132515,-0.9112377166748047,0,0
6723,1334,-0.4192580580711365,0.06841949373483658,-0.9113590717315674,0,0
6729,1335,-0.4180366694927216,0.06841949373483658,-0.9079407453536987,0,0
6736,1336,-0.4180366694927216,0.06744393706321716,-0.9084292650222778,0,0
6742,1337,-0.4186481535434723,0.07061798870563507,-0.9098949432373047,0,0
6746,1338,-0.4170611202716827,0.06817677617073059,-0.9090391993522644,0,0
6752,1339,-0.4188924133777618,0.06841949373483658,-0.9095277190208435,0,0
6754,1340,-0.4210893511772156,0.07037371397018433,-0.9068422317504883,0,0
6759,1341,-0.4176710247993469,0.07073935121297836,-0.9109933972358704,0,0
6764,1342,-0.4174267649650574,0.06817677617073059,-0.9085521697998047,0,0
6769,1343,-0.4213336408138275,0.07171646505594254,-0.9068422317504883,0,0
6774,1344,-0.4182809591293335,0.07134927064180374,-0.9076964259147644,0,0
6779,1345,-0.4159626364707947,0.06793249398469925,-0.9112377166748047,0,0
6786,1346,-0.4159626364707947,0.06817677617073059,-0.9116033315658569,0,0
6791,1347,-0.4176710247993469,0.0696408823132515,-0.9086735248565674,0,0
6796,1348,-0.4186481535434723,0.07379049062728882,-0.9095277190208435,0,0
6801,1349,-0.4174267649650574,0.07488895952701569,-0.9101376533508301,0,0
6805,1350,-0.4137641489505768,0.0746462345123291,-0.9107491374015808,0,0
6809,1351,-0.4159626364707947,0.07452332228422165,-0.9080636501312256,0,0
6815,1352,-0.4173053801059723,0.07440195977687836,-0.9109933972358704,0,0
6820,1353,-0.4146198928356171,0.07415768504142761,-0.9089178442955017,0,0
6825,1354,-0.4142526984214783,0.07440195977687836,-0.905133843421936,0,0
6831,1355,-0.4182809591293335,0.07086071372032166,-0.9072094559669495,0,0
6841,1356,-0.416449636220932,0.07257065922021866,-0.906476616859436,0,0
6841,1357,-0.4154740869998932,0.07049507647752762,-0.9053781628608704,0,0
6849,1358,-0.4154740869998932,0.07232637703418732,-0.9095277190208435,0,0
6856,1359,-0.4188924133777618,0.06841949373483658,-0.9109933972358704,0,0
6856,1360,-0.4202351570129395,0.07061798870563507,-0.9080636501312256,0,0
6863,1361,-0.420845091342926,0.07196073979139328,-0.9103819131851196,0,0
6866,1362,-0.4230420291423798,0.06988515704870224,-0.9080636501312256,0,0
6870,1363,-0.4227977395057678,0.07220346480607987,-0.9081850051879883,0,0
6875,1364,-0.4225534796714783,0.07012943923473358,-0.9065979719161987,0,0
6881,1365,-0.4246290624141693,0.06732102483510971,-0.9056224226951599,0,0
6888,1366,-0.4260931611061096,0.07073935121297836,-0.906476616859436,0,0
6895,1367,-0.4276801943778992,0.07196073979139328,-0.9070865511894226,0,0
6901,1368,-0.4260931611061096,0.06878668814897537,-0.906476616859436,0,0
6901,1369,-0.4237748682498932,0.07354620844125748,-0.9062323570251465,0,0
6906,1370,-0.4243847727775574,0.07427904009819031,-0.9033025503158569,0,0
6911,1371,-0.4220649003982544,0.07806301116943359,-0.9058666825294495,0,0
6916,1372,-0.4215763509273529,0.07513323426246643,-0.9053781628608704,0,0
6921,1373,-0.4207221567630768,0.07757445424795151,-0.9025697112083435,0,0
6926,1374,-0.4246290624141693,0.07647598534822464,-0.9015941619873047,0,0
6938,1375,-0.4195023477077484,0.07550042867660523,-0.9008613228797913,0,0
6938,1376,-0.4184038639068604,0.07501187920570374,-0.9048895835876465,0,0
6946,1377,-0.4180366694927216,0.07440195977687836,-0.9041567444801331,0,0
6953,1378,-0.4179153144359589,0.07562179118394852,-0.9045239686965942,0,0
6953,1379,-0.4160839915275574,0.0728149339556694,-0.9042796492576599,0,0
6960,1380,-0.4182809591293335,0.07000651955604553,-0.9047682285308838,0,0
6961,1381,-0.419746607542038,0.07366912811994553,-0.9065979719161987,0,0
6966,1382,-0.4180366694927216,0.07134927064180374,-0.907819390296936,0,0
6971,1383,-0.4173053801059723,0.07000651955604553,-0.9042796492576599,0,0
6982,1384,-0.4186481535434723,0.07025079429149628,-0.9065979719161987,0,0
6982,1385,-0.418769508600235,0.0728149339556694,-0.9075750708580017,0,0
6989,1386,-0.4169381856918335,0.07061798870563507,-0.9035468101501465,0,0
6994,1387,-0.416693925857544,0.06744393706321716,-0.9090391993522644,0,0
6998,1388,-0.4186481535434723,0.06903096288442612,-0.9107491374015808,0,0
7001,1389,-0.4202351570129395,0.07012943923473358,-0.9098949432373047,0,0
7006,1390,-0.4186481535434723,0.06915232539176941,-0.9113590717315674,0,0
7011,1391,-0.419746607542038,0.07061798870563507,-0.9084292650222778,0,0
7016,1392,-0.4191351532936096,0.07183782011270523,-0.9085521697998047,0,0
7022,1393,-0.4163282811641693,0.0729362964630127,-0.9073308110237122,0,0
7032,1394,-0.4193794131278992,0.07342485338449478,-0.9083079099655151,0,0
7033,1395,-0.4176710247993469,0.0711049884557724,-0.9068422317504883,0,0
7038,1396,-0.4179153144359589,0.0711049884557724,-0.9087949395179749,0,0
7044,1397,-0.4181595742702484,0.07122790813446045,-0.9101376533508301,0,0
7049,1398,-0.4185252189636231,0.07269201427698135,-0.9096506834030151,0,0
7052,1399,-0.4165725708007813,0.07403476536273956,-0.9091621041297913,0,0
7057,1400,-0.4155954420566559,0.07379049062728882,-0.9101376533508301,0,0
7062,1401,-0.4162069261074066,0.07134927064180374,-0.9073308110237122,0,0
7067,1402,-0.4173053801059723,0.07244773954153061,-0.9073308110237122,0,0
7072,1403,-0.4154740869998932,0.07159354537725449,-0.9122132658958435,0,0
7082,1404,-0.4180366694927216,0.0728149339556694,-0.9117246866226196,0,0
7087,1405,-0.4162069261074066,0.07244773954153061,-0.9120919108390808,0,0
7087,1406,-0.4152297973632813,0.0695195198059082,-0.9084292650222778,0,0
7092,1407,-0.4132771492004395,0.06976224482059479,-0.909283459186554,0,0
7097,1408,-0.4159626364707947,0.07354620844125748,-0.9127017855644226,0,0
7102,1409,-0.4206008017063141,0.07159354537725449,-0.9095277190208435,0,0
7107,1410,-0.4169381856918335,0.07012943923473358,-0.9086735248565674,0,0
7112,1411,-0.4165725708007813,0.07000651955604553,-0.9087949395179749,0,0
7118,1412,-0.4213336408138275,0.06854241341352463,-0.9058666825294495,0,0
7133,1413,-0.4179153144359589,0.06976224482059479,-0.9074521660804749,0,0
7133,1414,-0.4174267649650574,0.07061798870563507,-0.9085521697998047,0,0
7133,1415,-0.4169381856918335,0.07122790813446045,-0.9061110019683838,0,0
7140,1416,-0.4182809591293335,0.06976224482059479,-0.9072094559669495,0,0
7146,1417,-0.4185252189636231,0.06866376847028732,-0.905133843421936,0,0
7152,1418,-0.419746607542038,0.06927524507045746,-0.9059880375862122,0,0
7153,1419,-0.4206008017063141,0.07196073979139328,-0.9046453237533569,0,0
7158,1420,-0.4204778969287872,0.07366912811994553,-0.9047682285308838,0,0
7163,1421,-0.4209664463996887,0.07073935121297836,-0.9054995179176331,0,0
7168,1422,-0.4188924133777618,0.07073935121297836,-0.9089178442955017,0,0
7177,1423,-0.4206008017063141,0.06890805065631867,-0.9100162982940674,0,0
7182,1424,-0.4196237027645111,0.07403476536273956,-0.9068422317504883,0,0
7187,1425,-0.4179153144359589,0.07354620844125748,-0.9054995179176331,0,0
7188,1426,-0.420845091342926,0.07330349087715149,-0.909283459186554,0,0
7193,1427,-0.4213336408138275,0.07257065922021866,-0.9101376533508301,0,0
7198,1428,-0.4212107062339783,0.07305920869112015,-0.9079407453536987,0,0
7203,1429,-0.4203565120697022,0.07257065922021866,-0.9117246866226196,0,0
7209,1430,-0.4204778969287872,0.06988515704870224,-0.9083079099655151,0,0
7213,1431,-0.4180366694927216,0.07244773954153061,-0.9091621041297913,0,0
7218,1432,-0.4182809591293335,0.06988515704870224,-0.9076964259147644,0,0
7225,1433,-0.4206008017063141,0.0678095817565918,-0.9085521697998047,0,0
7231,1434,-0.4182809591293335,0.07232637703418732,-0.9096506834030151,0,0
7238,1435,-0.4203565120697022,0.0696408823132515,-0.9117246866226196,0,0
7242,1436,-0.4216992855072022,0.06732102483510971,-0.9084292650222778,0,0
7243,1437,-0.4201122522354126,0.0678095817565918,-0.9069651961326599,0,0
7248,1438,-0.4192580580711365,0.07147218286991119,-0.9075750708580017,0,0
7253,1439,-0.4174267649650574,0.07000651955604553,-0.9094063639640808,0,0
7258,1440,-0.4202351570129395,0.06573399901390076,-0.9073308110237122,0,0
7263,1441,-0.4206008017063141,0.06854241341352463,-0.9084292650222778,0,0
7271,1442,-0.4191351532936096,0.06890805065631867,-0.9120919108390808,0,0
7277,1443,-0.4203565120697022,0.06695538759231567,-0.9120919108390808,0,0
7281,1444,-0.419746607542038,0.0663454681634903,-0.9133117198944092,0,0
7285,1445,-0.4186481535434723,0.06756529957056046,-0.9095277190208435,0,0
7289,1446,-0.4199908971786499,0.06866376847028732,-0.9117246866226196,0,0
7293,1447,-0.4185252189636231,0.0659782737493515,-0.9133117198944092,0,0
7298,1448,-0.4196237027645111,0.06658974289894104,-0.9114804267883301,0,0
7303,1449,-0.4207221567630768,0.06500271707773209,-0.9069651961326599,0,0
7309,1450,-0.4170611202716827,0.06890805065631867,-0.9102605581283569,0,0
7313,1451,-0.4175496697425842,0.07012943923473358,-0.9127017855644226,0,0
7323,1452,-0.4177923798561096,0.06841949373483658,-0.9097720384597778,0,0
7329,1453,-0.4152297973632813,0.06841949373483658,-0.9103819131851196,0,0
7334,1454,-0.4188924133777618,0.06866376847028732,-0.9083079099655151,0,0
7338,1455,-0.4170611202716827,0.07196073979139328,-0.9094063639640808,0,0
7339,1456,-0.4155954420566559,0.07122790813446045,-0.909283459186554,0,0
7344,1457,-0.4184038639068604,0.07134927064180374,-0.9089178442955017,0,0
7349,1458,-0.4152297973632813,0.0711049884557724,-0.9094063639640808,0,0
7354,1459,-0.4137641489505768,0.07098363339900971,-0.9094063639640808,0,0
7359,1460,-0.4171824753284454,0.07171646505594254,-0.9102605581283569,0,0
7364,1461,-0.4151068925857544,0.07061798870563507,-0.9109933972358704,0,0
7372,1462,-0.4142526984214783,0.0695195198059082,-0.9105048775672913,0,0
7376,1463,-0.414864182472229,0.06915232539176941,-0.9125804305076599,0,0
7381,1464,-0.4151068925857544,0.06841949373483658,-0.9125804305076599,0,0
7386,1465,-0.4153511822223663,0.06915232539176941,-0.909283459186554,0,0
7389,1466,-0.4165725708007813,0.06805385649204254,-0.9094063639640808,0,0
7394,1467,-0.4154740869998932,0.06890805065631867,-0.9129461050033569,0,0
7399,1468,-0.4171824753284454,0.07037371397018433,-0.9113590717315674,0,0
7404,1469,-0.414864182472229,0.07061798870563507,-0.9095277190208435,0,0
7409,1470,-0.4165725708007813,0.07061798870563507,-0.9084292650222778,0,0
7414,1471,-0.4182809591293335,0.07183782011270523,-0.9107491374015808,0,0
7420,1472,-0.416449636220932,0.07098363339900971,-0.9152659177780151,0,0
7425,1473,-0.4179153144359589,0.0678095817565918,-0.9140445590019226,0,0
7430,1474,-0.4180366694927216,0.06927524507045746,-0.9146544933319092,0,0
7435,1475,-0.4173053801059723,0.06573399901390076,-0.9123361706733704,0,0
7440,1476,-0.4185252189636231,0.06658974289894104,-0.9122132658958435,0,0
7444,1477,-0.4191351532936096,0.06793249398469925,-0.9096506834030151,0,0
7450,1478,-0.4212107062339783,0.06793249398469925,-0.9107491374015808,0,0
7455,1479,-0.4186481535434723,0.06854241341352463,-0.9105048775672913,0,0
7460,1480,-0.4169381856918335,0.06829813122749329,-0.905133843421936,0,0
7471,1481,-0.4195023477077484,0.06390424817800522,-0.9062323570251465,0,0
7471,1482,-0.4202351570129395,0.06719966232776642,-0.9039124846458435,0,0
7477,1483,-0.4209664463996887,0.06841949373483658,-0.9054995179176331,0,0
7482,1484,-0.419746607542038,0.06744393706321716,-0.9073308110237122,0,0
7487,1485,-0.4198679625988007,0.06866376847028732,-0.9057437777519226,0,0
7490,1486,-0.4218206405639648,0.06707674264907837,-0.9063537120819092,0,0
7495,1487,-0.4235305786132813,0.07098363339900971,-0.9076964259147644,0,0
7500,1488,-0.4213336408138275,0.07183782011270523,-0.9090391993522644,0,0
7505,1489,-0.4182809591293335,0.07122790813446045,-0.9076964259147644,0,0
7510,1490,-0.4168168306350708,0.07122790813446045,-0.9094063639640808,0,0
7518,1491,-0.4159626364707947,0.07073935121297836,-0.9096506834030151,0,0
7523,1492,-0.4171824753284454,0.07086071372032166,-0.9046453237533569,0,0
7528,1493,-0.4157183766365051,0.0696408823132515,-0.906476616859436,0,0
7533,1494,-0.412544310092926,0.07073935121297836,-0.9076964259147644,0,0
7536,1495,-0.4140084087848663,0.07122790813446045,-0.907819390296936,0,0
7540,1496,-0.4144969880580902,0.0696408823132515,-0.9063537120819092,0,0
7545,1497,-0.4138870537281036,0.06805385649204254,-0.9059880375862122,0,0
7550,1498,-0.4132771492004395,0.06927524507045746,-0.9075750708580017,0,0
7555,1499,-0.416693925857544,0.06707674264907837,-0.9083079099655151,0,0
7561,1500,-0.416449636220932,0.0678095817565918,-0.9100162982940674,0,0
7566,1501,-0.4120557606220245,0.06903096288442612,-0.9127017855644226,0,0
7571,1502,-0.4113229215145111,0.07098363339900971,-0.9169743061065674,0,0
7576,1503,-0.4206008017063141,0.06402561068534851,-0.9084292650222778,0,0
7581,1504,-0.4168168306350708,0.06622254848480225,-0.9107491374015808,0,0
7586,1505,-0.4163282811641693,0.06793249398469925,-0.9186826944351196,0,0
7591,1506,-0.4170611202716827,0.06841949373483658,-0.9172186255455017,0,0
7596,1507,-0.4181595742702484,0.07061798870563507,-0.9139232039451599,0,0
7601,1508,-0.416449636220932,0.06915232539176941,-0.9111147522926331,0,0
7606,1509,-0.4168168306350708,0.06878668814897537,-0.9103819131851196,0,0
7614,1510,-0.4182809591293335,0.06732102483510971,-0.9096506834030151,0,0
7622,1511,-0.4173053801059723,0.06854241341352463,-0.9108704924583435,0,0
7622,1512,-0.4177923798561096,0.0695195198059082,-0.9125804305076599,0,0
7627,1513,-0.4151068925857544,0.07196073979139328,-0.907819390296936,0,0
7632,1514,-0.4155954420566559,0.07171646505594254,-0.907819390296936,0,0
7637,1515,-0.4162069261074066,0.07330349087715149,-0.9086735248565674,0,0
7641,1516,-0.412544310092926,0.07171646505594254,-0.9112377166748047,0,0
7647,1517,-0.4118114709854126,0.07305920869112015,-0.9100162982940674,0,0
7651,1518,-0.4133985042572022,0.0696408823132515,-0.9089178442955017,0,0
7656,1519,-0.4129099547863007,0.06903096288442612,-0.9102605581283569,0,0
7663,1520,-0.4144969880580902,0.07049507647752762,-0.9098949432373047,0,0
7667,1521,-0.4136427938938141,0.07061798870563507,-0.9085521697998047,0,0
7672,1522,-0.4108359217643738,0.06744393706321716,-0.9096506834030151,0,0
7677,1523,-0.4137641489505768,0.06683402508497238,-0.9075750708580017,0,0
7681,1524,-0.4116901159286499,0.06512407958507538,-0.9111147522926331,0,0
7686,1525,-0.4107130169868469,0.06487980484962463,-0.9116033315658569,0,0
7691,1526,-0.4159626364707947,0.06573399901390076,-0.9135559797286987,0,0
7696,1527,-0.416449636220932,0.06134011223912239,-0.9114804267883301,0,0
7701,1528,-0.4133985042572022,0.06256150454282761,-0.9136788845062256,0,0
7707,1529,-0.4157183766365051,0.06622254848480225,-0.9128231406211853,0,0
7717,1530,-0.4177923798561096,0.06500271707773209,-0.910626232624054,0,0
7717,1531,-0.4202351570129395,0.06390424817800522,-0.9101376533508301,0,0
7722,1532,-0.4235305786132813,0.05902181193232536,-0.910626232624054,0,0
7727,1533,-0.4108359217643738,0.06768821924924851,-0.914777398109436,0,0
7732,1534,-0.4177923798561096,0.06756529957056046,-0.9141659140586853,0,0
7737,1535,-0.4198679625988007,0.06878668814897537,-0.9152659177780151,0,0
7742,1536,-0.4243847727775574,0.06353705376386643,-0.9035468101501465,0,0
7747,1537,-0.4240191280841827,0.06426988542079926,-0.9048895835876465,0,0
7752,1538,-0.4218206405639648,0.0659782737493515,-0.9102605581283569,0,0
7760,1539,-0.4207221567630768,0.06817677617073059,-0.9090391993522644,0,0
7768,1540,-0.4223091900348663,0.07122790813446045,-0.9090391993522644,0,0
7768,1541,-0.4198679625988007,0.07000651955604553,-0.9059880375862122,0,0
7776,1542,-0.4196237027645111,0.06890805065631867,-0.9042796492576599,0,0
7783,1543,-0.4171824753284454,0.0663454681634903,-0.905133843421936,0,0
7783,1544,-0.4151068925857544,0.06561263650655747,-0.9045239686965942,0,0
7790,1545,-0.4154740869998932,0.06976224482059479,-0.9042796492576599,0,0
7793,1546,-0.4181595742702484,0.06903096288442612,-0.9035468101501465,0,0
7798,1547,-0.4141313433647156,0.07134927064180374,-0.9063537120819092,0,0
7803,1548,-0.4136427938938141,0.06805385649204254,-0.9073308110237122,0,0
7813,1549,-0.4147412478923798,0.06841949373483658,-0.9058666825294495,0,0
7813,1550,-0.4141313433647156,0.0695195198059082,-0.9047682285308838,0,0
7822,1551,-0.4129099547863007,0.0695195198059082,-0.9047682285308838,0,0
7826,1552,-0.4141313433647156,0.06927524507045746,-0.9061110019683838,0,0
7828,1553,-0.4143756031990051,0.0678095817565918,-0.9091621041297913,0,0
7833,1554,-0.4115672111511231,0.06671110540628433,-0.9136788845062256,0,0
7838,1555,-0.4113229215145111,0.06573399901390076,-0.9145330786705017,0,0
7843,1556,-0.4132771492004395,0.06390424817800522,-0.9144101738929749,0,0
7848,1557,-0.4142526984214783,0.06402561068534851,-0.913434624671936,0,0
7858,1558,-0.4182809591293335,0.0659782737493515,-0.9112377166748047,0,0
7858,1559,-0.416693925857544,0.06402561068534851,-0.9133117198944092,0,0
7864,1560,-0.4154740869998932,0.06695538759231567,-0.9152659177780151,0,0
7869,1561,-0.4180366694927216,0.06549127399921417,-0.9153872728347778,0,0
7873,1562,-0.416693925857544,0.06487980484962463,-0.9094063639640808,0,0
7878,1563,-0.4149855375289917,0.06439124792814255,-0.9095277190208435,0,0
7883,1564,-0.4165725708007813,0.06500271707773209,-0.9128231406211853,0,0
7888,1565,-0.4188924133777618,0.06378133594989777,-0.9136788845062256,0,0
7894,1566,-0.4170611202716827,0.06500271707773209,-0.9151430130004883,0,0
7898,1567,-0.4174267649650574,0.07086071372032166,-0.9152659177780151,0,0
7904,1568,-0.4163282811641693,0.0695195198059082,-0.9148987531661987,0,0
7915,1569,-0.416693925857544,0.06890805065631867,-0.9148987531661987,0,0
7915,1570,-0.4169381856918335,0.06878668814897537,-0.9108704924583435,0,0
7920,1571,-0.4147412478923798,0.06744393706321716,-0.9075750708580017,0,0
7924,1572,-0.4169381856918335,0.06707674264907837,-0.9085521697998047,0,0
7929,1573,-0.4151068925857544,0.06890805065631867,-0.9080636501312256,0,0
7934,1574,-0.4137641489505768,0.06622254848480225,-0.9109933972358704,0,0
7938,1575,-0.4160839915275574,0.06646683067083359,-0.9069651961326599,0,0
7944,1576,-0.4119344055652618,0.07012943923473358,-0.9069651961326599,0,0
7948,1577,-0.4113229215145111,0.0696408823132515,-0.9052551984786987,0,0
7956,1578,-0.4112015664577484,0.06707674264907837,-0.9045239686965942,0,0
7959,1579,-0.4118114709854126,0.06719966232776642,-0.9053781628608704,0,0
7966,1580,-0.4116901159286499,0.06854241341352463,-0.9070865511894226,0,0
7971,1581,-0.4109572768211365,0.0678095817565918,-0.9033025503158569,0,0
7975,1582,-0.4071733057498932,0.07183782011270523,-0.9019598364830017,0,0
7979,1583,-0.4072946906089783,0.07318057119846344,-0.8962231874465942,0,0
7984,1584,-0.4090046286582947,0.07427904009819031,-0.892194926738739,0,0
7989,1585,-0.4092488884925842,0.07867448031902313,-0.8809643983840942,0,0
7994,1586,-0.4071733057498932,0.07855156809091568,-0.8701010346412659,0,0
7999,1587,-0.4057092070579529,0.08062715083360672,-0.8636316061019898,0,0
8012,1588,-0.4030237197875977,0.08196989446878433,-0.8628987669944763,0,0
8012,1589,-0.3991168141365051,0.08343400806188583,-0.8674155473709106,0,0
8017,1590,-0.3931359052658081,0.08282408863306046,-0.8787674307823181,0,0
8021,1591,-0.3900847733020783,0.07989431172609329,-0.8840155005455017,0,0
8025,1592,-0.3909389674663544,0.07647598534822464,-0.8860911130905151,0,0
8029,1593,-0.3909389674663544,0.07757445424795151,-0.8825514316558838,0,0
8034,1594,-0.3909389674663544,0.0830683633685112,-0.8874338269233704,0,0
8040,1595,-0.3859336078166962,0.08526530861854553,-0.8897536993026733,0,0
8045,1596,-0.3819053769111633,0.082701176404953,-0.8957346081733704,0,0
8057,1597,-0.3828824758529663,0.0863637775182724,-0.8961002826690674,0,0
8057,1598,-0.3810511827468872,0.09100194275379181,-0.8957346081733704,0,0
8062,1599,-0.3808068931102753,0.08978211134672165,-0.8956132531166077,0,0
8068,1600,-0.3795870840549469,0.08758516609668732,-0.8846269845962524,0,0
8073,1601,-0.40168097615242,0.07843020558357239,-0.8903636336326599,0,0
8075,1602,-0.3965542614459992,0.07537751644849777,-0.9035468101501465,0,0
8080,1603,-0.3894733190536499,0.06732102483510971,-0.9185613393783569,0,0
8085,1604,-0.3820282816886902,0.05548056587576866,-0.9255193471908569,0,0
8090,1605,-0.3867878019809723,0.04669279605150223,-0.9244193434715271,0,0
8095,1606,-0.3935015499591827,0.04620424285531044,-0.9144101738929749,0,0
8107,1607,-0.3948442935943604,0.05206378921866417,-0.9001284837722778,0,0
8107,1608,-0.3881305754184723,0.05267370492219925,-0.9018384218215942,0,0
8114,1609,-0.3887420296669006,0.04730271175503731,-0.899518609046936,0,0
8123,1610,-0.3906947076320648,0.04278591275215149,-0.9048895835876465,0,0
8123,1611,-0.3904504179954529,0.04193171858787537,-0.9227109551429749,0,0
8126,1612,-0.4008252024650574,0.03057981468737125,-0.9290590882301331,0,0
8131,1613,-0.398262619972229,0.02667292952537537,-0.9307674169540405,0,0
8136,1614,-0.4022908806800842,0.02020346373319626,-0.9394338726997376,0,0
8140,1615,-0.424750417470932,0.008120283484458923,-0.9504201412200928,0,0
8147,1616,-0.4323183596134186,-0.003843092592433095,-0.9588422775268555,0,0
8154,1617,-0.4342725574970245,-0.00347745418548584,-0.9488331079483032,0,0
8160,1618,-0.4339053630828857,0.000185153039637953,-0.9532269835472107,0,0
8165,1619,-0.4332954585552216,0.0004294305690564215,-0.9510300159454346,0,0
8170,1620,-0.4306099712848663,0.01593249663710594,-0.9429735541343689,0,0
8171,1621,-0.4392763674259186,0.0271614845842123,-0.9358941912651062,0,0
8176,1622,-0.4588076770305634,0.0147111089900136,-0.9418751001358032,0,0
8181,1623,-0.4452572762966156,0.02935842610895634,-0.945781946182251,0,0
8186,1624,-0.4551450610160828,0.02313323877751827,-0.9377254843711853,0,0
8191,1625,-0.4542908668518066,0.0238660704344511,-0.9382140040397644,0,0
8197,1626,-0.466131329536438,0.01385691575706005,-0.9424865245819092,0,0
8207,1627,-0.4745534658432007,-0.003843092592433095,-0.9543269872665405,0,0
8207,1628,-0.4667412638664246,0.0004294305690564215,-0.9756880402565002,0,0
8218,1629,-0.4573419988155365,0.002016456564888358,-0.9927765727043152,0,0
8218,1630,-0.474432110786438,-0.01397360861301422,-0.9948521852493286,0,0
8227,1631,-0.4955488741397858,-0.03570186346769333,-0.9866743087768555,0,0
8227,1632,-0.4872481226921082,-0.03631177917122841,-0.9999788999557495,0,0
8236,1633,-0.4745534658432007,-0.02483851462602615,-0.9993689656257629,0,0
8237,1634,-0.5094649195671082,-0.03448203206062317,-0.9968048334121704,0,0
8242,1635,-0.5237466096878052,-0.04082857817411423,-0.9863071441650391,0,0
8248,1636,-0.4913992881774902,-0.01751485466957092,-0.9933880567550659,0,0
8259,1637,-0.4690611064434052,-0.001278956304304302,-0.9782506227493286,0,0
8259,1638,-0.4699153006076813,0.005067592021077871,-0.9728796482086182,0,0
8269,1639,-0.5042153000831604,-0.009579724632203579,-0.9731239080429077,0,0
8269,1640,-0.4672298133373261,0.008120283484458923,-0.9751995205879211,0,0
8273,1641,-0.5115389823913574,-0.02557134628295898,-0.9744666814804077,0,0
8277,1642,-0.4801687300205231,-0.03509194776415825,-0.9838659167289734,0,0
8282,1643,-0.4736992716789246,-0.0281339269131422,-0.9972934126853943,0,0
8287,1644,-0.4586847722530365,-0.02483851462602615,-0.9855758547782898,0,0
8292,1645,-0.4736992716789246,-0.0366789735853672,-0.970682680606842,0,0
8298,1646,-0.5242351889610291,-0.0706133246421814,-0.9555468559265137,0,0
8304,1647,-0.4882252216339111,-0.0298423133790493,-0.9772750735282898,0,0
8309,1648,-0.4907878041267395,0.04583860188722611,-1.011209487915039,0,0
8313,1649,-0.39338019490242,0.06073019653558731,-0.8743735551834106,0,0
8317,1650,-0.4475771486759186,0.04693707451224327,-0.9435850381851196,0,0
8322,1651,-0.5028725266456604,0.1541111171245575,-0.9493216276168823,0,0
8327,1652,-0.4218206405639648,0.0275286789983511,-0.7881949543952942,0,0
8333,1653,-0.3622527122497559,-0.1715621799230576,-1.017067432403565,0,0
8337,1654,-0.3441870510578156,-0.2070820033550263,-1.15134072303772,0,0
8343,1655,-0.3560275137424469,-0.1735148429870606,-1.01255214214325,0,0
8351,1656,-0.4310985207557678,-0.1259087324142456,-0.9570109248161316,0,0
8357,1657,-0.4795588254928589,-0.07342018187046051,-0.9893598556518555,0,0
8363,1658,-0.5166672468185425,-0.03936446830630302,-1.004861354827881,0,0
8363,1659,-0.4248733222484589,0.0147111089900136,-0.9585979580879211,0,0
8368,1660,-0.3886191248893738,0.06146302819252014,-0.9174628853797913,0,0
8374,1661,-0.4175496697425842,0.07086071372032166,-0.9012269973754883,0,0
8377,1662,-0.3681122362613678,0.1216408833861351,-0.9028140306472778,0,0
8382,1663,-0.3841023147106171,0.09503018856048584,-0.878278911113739,0,0
8387,1664,-0.4295114874839783,0.001283623976632953,-0.8628987669944763,0,0
8398,1665,-0.420845091342926,0.000185153039637953,-0.898175835609436,0,0
8404,1666,-0.4707694947719574,-0.002744621597230434,-0.9533498883247376,0,0
8404,1667,-0.4174267649650574,0.01507674716413021,-0.9688513875007629,0,0
8410,1668,-0.3764130175113678,0.06243858486413956,-0.970682680606842,0,0
8414,1669,-0.3527320921421051,0.1030866801738739,-0.98313307762146,0,0
8418,1670,-0.3690893650054932,0.1218851581215859,-0.9582323431968689,0,0
8423,1671,-0.3707977533340454,0.151546984910965,-0.9543269872665405,0,0
8428,1672,-0.392281711101532,0.1492271274328232,-0.9522514343261719,0,0
8433,1673,-0.4339053630828857,0.1041851490736008,-0.9223453402519226,0,0
8439,1674,-0.4162069261074066,0.05291798338294029,-0.9122132658958435,0,0
8446,1675,-0.3956984877586365,0.04119888693094254,-0.949442982673645,0,0
8451,1676,-0.3841023147106171,0.0408332459628582,-0.9428521990776062,0,0
8456,1677,-0.3897175788879395,0.04522713273763657,-0.9113590717315674,0,0
8461,1678,-0.3430885970592499,0.01104850228875876,-0.8165140151977539,0,0
8463,1679,-0.3729946911334992,-0.06450949609279633,-0.7785513997077942,0,0
8468,1680,-0.3673794269561768,-0.1356736123561859,-0.9002514481544495,0,0
8473,1681,-0.4712580442428589,-0.08379653096199036,-1.023904085159302,0,0
8478,1682,-0.4331741034984589,0.01422255393117666,-1.019997239112854,0,0
8483,1683,-0.3717748522758484,0.1129744723439217,-0.9694628715515137,0,0
8495,1684,-0.319530576467514,0.1849927753210068,-0.9677529335021973,0,0
8495,1685,-0.3388160467147827,0.195001944899559,-1.012796521186829,0,0
8500,1686,-0.4418404996395111,0.1080920323729515,-0.9385796785354614,0,0
8505,1687,-0.4402534663677216,0.05487064644694328,-0.9357727766036987,0,0
8512,1688,-0.4121786653995514,0.0729362964630127,-0.9977819323539734,0,0
8514,1689,-0.3822725713253021,0.147641658782959,-0.9667773842811585,0,0
8519,1690,-0.3887420296669006,0.1906080543994904,-0.9651903510093689,0,0
8524,1691,-0.3075672090053558,0.1764492988586426,-0.9479789137840271,0,0
8529,1692,-0.4241404831409454,0.05377217754721642,-0.9228338599205017,0,0
8534,1693,-0.3662809431552887,0.1154156923294067,-0.9574995040893555,0,0
8540,1694,-0.2477549910545349,0.1235935464501381,-0.938823938369751,0,0
8551,1695,-0.3548076748847961,0.03302103281021118,-0.9498102068901062,0,0
8551,1696,-0.3013420104980469,0.1273775100708008,-0.9913125038146973,0,0
8560,1697,-0.2587412595748901,0.1068706437945366,-0.9513972401618958,0,0
8560,1698,-0.3844695091247559,-0.01690338365733624,-0.9334529638290405,0,0
8570,1699,-0.3380832374095917,0.01751796714961529,-0.9537155032157898,0,0
8570,1700,-0.2813237011432648,0.1050393432378769,-0.954082727432251,0,0
8579,1701,-0.2455580532550812,0.168758437037468,-0.9638475775718689,0,0
8580,1702,-0.2766855359077454,0.2319889813661575,-0.9937537312507629,0,0
8585,1703,-0.3350321054458618,0.206232488155365,-0.9898468255996704,0,0
8591,1704,-0.2935298085212708,0.2422424107789993,-0.9626262187957764,0,0
8607,1705,-0.3737275302410126,0.1982989013195038,-0.9156315922737122,0,0
8607,1706,-0.3816610872745514,0.188045471906662,-0.9483445286750794,0,0
8607,1707,-0.3493137657642365,0.1622889786958695,-0.9509086608886719,0,0
8617,1708,-0.3554176092147827,0.1422706693410873,-0.9576224088668823,0,0
8617,1709,-0.3695763647556305,0.122739352285862,-0.9679971933364868,0,0
8632,1710,-0.364084005355835,0.1051622629165649,-0.9588422775268555,0,0
8632,1711,-0.3478496670722961,0.1384866982698441,-0.937481164932251,0,0
8632,1712,-0.3413802087306976,0.1245706528425217,-0.9142888188362122,0,0
8636,1713,-0.3588359355926514,0.08526530861854553,-0.8876781463623047,0,0
8642,1714,-0.3550504148006439,0.08428820222616196,-0.8660727739334106,0,0
8648,1715,-0.3025633990764618,0.1058950945734978,-0.856673538684845,0,0
8653,1716,-0.2895015478134155,0.08709660917520523,-0.8449544310569763,0,0
8657,1717,-0.2912099361419678,0.09686148911714554,-0.8342140316963196,0,0
8660,1718,-0.304516077041626,0.08318972587585449,-0.8167582750320435,0,0
8664,1719,-0.2932855188846588,0.08941491693258286,-0.8138285279273987,0,0
8671,1720,-0.2088168412446976,0.1621660590171814,-0.8314056396484375,0,0
8675,1721,-0.2152863144874573,0.1818187236785889,-0.835433840751648,0,0
8680,1722,-0.2195572704076767,0.2002515643835068,-0.834456741809845,0,0
8690,1723,-0.1824504286050797,0.2473691254854202,-0.8426361680030823,0,0
8695,1724,-0.1819618791341782,0.235405758023262,-0.8270117044448853,0,0
8695,1725,-0.2149191200733185,0.2372370511293411,-0.8574063777923584,0,0
8701,1726,-0.1973420232534409,0.2578668296337128,-0.8604575395584106,0,0
8706,1727,-0.2520275115966797,0.2433408796787262,-0.8791331052780151,0,0
8710,1728,-0.1807404905557632,0.3412370681762695,-0.9273490905761719,0,0
8715,1729,-0.06880691647529602,0.5232378244400024,-0.9440720081329346,0,0
8720,1730,0.07449842989444733,0.8432943224906921,-1.029763698577881,0,0
8725,1731,-0.1471733301877976,0.6516515612602234,-0.9482231736183167,0,0
8731,1732,-0.2597183585166931,0.5467973947525024,-1.002785801887512,0,0
8740,1733,-0.1762252449989319,0.6589752435684204,-1.072241425514221,0,0
8746,1734,-0.2032015770673752,0.6827775239944458,-1.088964343070984,0,0
8746,1735,-0.2879145443439484,0.7025530934333801,-1.090307116508484,0,0
8752,1736,-0.2364030927419663,0.5832943320274353,-1.072120070457459,0,0
8757,1737,-0.182937428355217,0.5043179988861084,-1.079199552536011,0,0
8761,1738,-0.2011259943246841,0.4747775197029114,-1.068824768066406,0,0
8766,1739,-0.2394542247056961,0.4810027182102203,-1.06174373626709,0,0
8771,1740,-0.2412855327129364,0.4930874407291412,-1.108130097389221,0,0
8776,1741,-0.3391832411289215,0.4092286825180054,-1.13180947303772,0,0
8783,1742,-0.3349107205867767,0.4236316978931427,-1.116184949874878,0,0
8789,1743,-0.4103473722934723,0.4260729253292084,-1.1003178358078,0,0
8794,1744,-0.4561221897602081,0.3813965916633606,-1.076636910438538,0,0
8796,1745,-0.3797084391117096,0.4668439328670502,-1.098607897758484,0,0
8803,1746,-0.3827595710754395,0.5742607116699219,-1.107641458511353,0,0
8807,1747,-0.4445259869098663,0.4869836270809174,-1.042702555656433,0,0
8812,1748,-0.379342794418335,0.4991912543773651,-1.054664373397827,0,0
8816,1749,-0.3910603225231171,0.5233607292175293,-1.032326221466065,0,0
8821,1750,-0.4320740699768066,0.5088347792625427,-1.000711679458618,0,0
8827,1751,-0.4541679620742798,0.5304401516914368,-0.978983461856842,0,0
8840,1752,-0.4832198619842529,0.5679141879081726,-0.9861857891082764,0,0
8840,1753,-0.3955771327018738,0.6363927721977234,-0.9867956638336182,0,0
8849,1754,-0.3788542449474335,0.6516515612602234,-0.9545696973800659,0,0
8849,1755,-0.351877897977829,0.6317546367645264,-0.9275934100151062,0,0
8853,1756,-0.3653053939342499,0.6357828378677368,-0.9336972236633301,0,0
8857,1757,-0.4129099547863007,0.6355385780334473,-0.8669269680976868,0,0
8861,1758,-0.4007038474082947,0.6374912261962891,-0.8631430268287659,0,0
8866,1759,-0.3871549963951111,0.6543370485305786,-0.8865796327590942,0,0
8871,1760,-0.4047321081161499,0.6852187514305115,-0.8865796327590942,0,0
8876,1761,-0.4041221737861633,0.7142706513404846,-0.8904865384101868,0,0
8883,1762,-0.4549008011817932,0.6827775239944458,-0.8420262336730957,0,0
8888,1763,-0.3789756000041962,0.6984019279479981,-0.8257903456687927,0,0
8894,1764,-0.3809298276901245,0.7013317346572876,-0.829818606376648,0,0
8899,1765,-0.38642218708992,0.7132951021194458,-0.8163911104202271,0,0
8902,1766,-0.3971641659736633,0.7202531099319458,-0.8036964535713196,0,0
8907,1767,-0.4025351703166962,0.7217172384262085,-0.8023536801338196,0,0
8912,1768,-0.4154740869998932,0.7058485150337219,-0.8032078742980957,0,0
8917,1769,-0.4614931643009186,0.7045057415962219,-0.7842880487442017,0,0
8922,1770,-0.4441587924957275,0.7073126435279846,-0.7868521809577942,0,0
8927,1771,-0.4451359212398529,0.7049943208694458,-0.7650025486946106,0,0
8932,1772,-0.4789473414421082,0.7112194895744324,-0.7220346331596375,0,0
8937,1773,-0.4242618680000305,0.7036515474319458,-0.7437628507614136,0,0
8942,1774,-0.4407420456409454,0.6726469993591309,-0.7275269627571106,0,0
8947,1775,-0.4269473552703857,0.6555569171905518,-0.7108041048049927,0,0
8952,1776,-0.4268260002136231,0.6600736975669861,-0.7241101861000061,0,0
8957,1777,-0.4262160658836365,0.6702057719230652,-0.7171521782875061,0,0
8962,1778,-0.4007038474082947,0.6659332513809204,-0.7068987488746643,0,0
8967,1779,-0.4213336408138275,0.6644675731658936,-0.6846819519996643,0,0
8972,1780,-0.3999710083007813,0.6699615120887756,-0.6750400066375732,0,0
8983,1781,-0.3997267484664917,0.6720370650291443,-0.6815094351768494,0,0
8983,1782,-0.3800740838050842,0.6913225650787354,-0.6678376793861389,0,0
8989,1783,-0.4068076908588409,0.6959607005119324,-0.6546545028686523,0,0
8994,1784,-0.3621313273906708,0.6822904944419861,-0.6468422412872315,0,0
8999,1785,-0.3656710386276245,0.687782883644104,-0.6385415196418762,0,0
9003,1786,-0.3383274972438812,0.6891255974769592,-0.6133964657783508,0,0
9008,1787,-0.364084005355835,0.7001118659973145,-0.622551441192627,0,0
9012,1788,-0.3396702408790588,0.7038958668708801,-0.6256025433540344,0,0
9017,1789,-0.3616427779197693,0.6959607005119324,-0.6114422678947449,0,0
9023,1790,-0.3507794439792633,0.6915668249130249,-0.622551441192627,0,0
9031,1791,-0.3456527292728424,0.7078011631965637,-0.6160819530487061,0,0
9036,1792,-0.3291725516319275,0.7156133651733398,-0.6026544570922852,0,0
9041,1793,-0.3511450886726379,0.7047500610351563,-0.6219399571418762,0,0
9045,1794,-0.3643282949924469,0.701698899269104,-0.5944750905036926,0,0
9049,1795,-0.3504122495651245,0.7115851640701294,-0.5792178511619568,0,0
9053,1796,-0.372140496969223,0.7218385934829712,-0.5750666856765747,0,0
9058,1797,-0.4004595875740051,0.7331920266151428,-0.574579656124115,0,0
9063,1798,-0.3994824588298798,0.7721301913261414,-0.5721384286880493,0,0
9068,1799,-0.3832481205463409,0.7180545926094055,-0.5600537061691284,0,0
9073,1800,-0.3678679764270783,0.6456706523895264,-0.5864201188087463,0,0
9079,1801,-0.3924030959606171,0.6570225954055786,-0.5715270042419434,0,0
9087,1802,-0.4088816940784454,0.6815576553344727,-0.541743814945221,0,0
9092,1803,-0.392281711101532,0.7037729024887085,-0.5367384552955627,0,0
9093,1804,-0.4046091735363007,0.6964492797851563,-0.533443033695221,0,0
9098,1805,-0.3889847695827484,0.6683744788169861,-0.5352743268013001,0,0
9103,1806,-0.355783224105835,0.6558011770248413,-0.5280720591545105,0,0
9108,1807,-0.315379410982132,0.6619049906730652,-0.5184285044670105,0,0
9113,1808,-0.2979236841201782,0.6579981446266174,-0.5157430171966553,0,0
9119,1809,-0.3196519315242767,0.6445721983909607,-0.5183071494102478,0,0
9126,1810,-0.3141596019268036,0.6468905210494995,-0.4998743236064911,0,0
9131,1811,-0.3146466016769409,0.656899631023407,-0.4949918687343597,0,0
9137,1812,-0.3323465883731842,0.6700828671455383,-0.4975560009479523,0,0
9142,1813,-0.3273428082466126,0.6849759817123413,-0.4741193652153015,0,0
9144,1814,-0.3345435261726379,0.6995003819465637,-0.470578134059906,0,0
9149,1815,-0.3567603528499603,0.7051156759262085,-0.4970674514770508,0,0
9153,1816,-0.3548076748847961,0.727088212966919,-0.4896208643913269,0,0
9159,1817,-0.3451641798019409,0.732092022895813,-0.4578834772109985,0,0
9164,1818,-0.3349107205867767,0.7262340188026428,-0.4583720266819,0,0
9169,1819,-0.3246572911739349,0.7345348000526428,-0.4465315639972687,0,0
9176,1820,-0.3216046094894409,0.7381958365440369,-0.4410392045974731,0,0
9181,1821,-0.3141596019268036,0.740392804145813,-0.4365224242210388,0,0
9184,1822,-0.3079344034194946,0.7189103364944458,-0.4349353909492493,0,0
9190,1823,-0.2969481348991394,0.6936424374580383,-0.4370109736919403,0,0
9194,1824,-0.2794924080371857,0.6689844131469727,-0.4388422667980194,0,0
9199,1825,-0.2508061230182648,0.6545813679695129,-0.4355452954769135,0,0
9204,1826,-0.2689946889877319,0.6451821327209473,-0.4473857581615448,0,0
9209,1827,-0.2810794413089752,0.63565993309021,-0.4353025853633881,0,0
9214,1828,-0.2803466022014618,0.6394454836845398,-0.4277330935001373,0,0
9220,1829,-0.2805908620357513,0.6428622603416443,-0.4230949282646179,0,0
9225,1830,-0.3058588206768036,0.64530348777771,-0.4250475764274597,0,0
9230,1831,-0.3092771470546722,0.6539698839187622,-0.4147941470146179,0,0
9235,1832,-0.3119626343250275,0.6673973798751831,-0.3951414823532105,0,0
9240,1833,-0.3360092043876648,0.6908339858055115,-0.3964842259883881,0,0
9244,1834,-0.3378404974937439,0.7006004452705383,-0.4035651683807373,0,0
9249,1835,-0.3494367003440857,0.7043843865394592,-0.3844010531902313,0,0
9254,1836,-0.3656710386276245,0.6859515905380249,-0.3873292803764343,0,0
9260,1837,-0.3705534636974335,0.6952294111251831,-0.3804941773414612,0,0
9264,1838,-0.3910603225231171,0.7059714198112488,-0.3671895861625671,0,0
9276,1839,-0.4103473722934723,0.7213515639305115,-0.3811040818691254,0,0
9282,1840,-0.3997267484664917,0.7034072875976563,-0.3569361567497253,0,0
9282,1841,-0.377022922039032,0.6750882267951965,-0.3514422476291657,0,0
9286,1842,-0.3948442935943604,0.6671530604362488,-0.3448514342308044,0,0
9290,1843,-0.3966756165027618,0.6660546064376831,-0.3098185956478119,0,0
9295,1844,-0.3845908641815186,0.6599523425102234,-0.329104095697403,0,0
9300,1845,-0.3722618520259857,0.6710599660873413,-0.3637712597846985,0,0
9305,1846,-0.3478496670722961,0.7069469690322876,-0.3426544964313507,0,0
9310,1847,-0.3384504318237305,0.7280653119087219,-0.3223903477191925,0,0
9317,1848,-0.364084005355835,0.7248912453651428,-0.3017621040344238,0,0
9324,1849,-0.3736045956611633,0.7246469855308533,-0.2810109853744507,0,0
9329,1850,-0.357125997543335,0.7502805590629578,-0.2904102206230164,0,0
9334,1851,-0.3418687582015991,0.7656607031822205,-0.2746628522872925,0,0
9339,1852,-0.319774866104126,0.7790881991386414,-0.2652636170387268,0,0
9343,1853,-0.3346664607524872,0.8024035096168518,-0.2800338566303253,0,0
9346,1854,-0.3748259842395783,0.8242530822753906,-0.3004193603992462,0,0
9350,1855,-0.3460183441638947,0.8207134008407593,-0.2887002527713776,0,0
9355,1856,-0.3155023455619812,0.8054546117782593,-0.2740529477596283,0,0
9360,1857,-0.3063473701477051,0.8097271323204041,-0.2719773650169373,0,0
9365,1858,-0.2483649104833603,0.8064301609992981,-0.2520804107189179,0,0
9370,1859,-0.3068343698978424,0.7888531088829041,-0.248052179813385,0,0
9379,1860,-0.3211176097393036,0.7878775596618652,-0.2619682252407074,0,0
9383,1861,-0.2859618663787842,0.7950782775878906,-0.2712445259094238,0,0
9386,1862,-0.3053702712059021,0.7964210510253906,-0.280155211687088,0,0
9390,1863,-0.2777840197086334,0.8249843716621399,-0.2888231873512268,0,0
9395,1864,-0.2067412585020065,0.857698917388916,-0.2691705226898193,0,0
9400,1865,-0.2523931562900543,0.8602614998817444,-0.2630666792392731,0,0
9405,1866,-0.2915771305561066,0.8690508008003235,-0.2723430097103119,0,0
9411,1867,-0.2276137620210648,0.8663653135299683,-0.2605040967464447,0,0
9418,1868,-0.1789107322692871,0.8537920117378235,-0.2415827065706253,0,0
9423,1869,-0.2017359137535095,0.8568447232246399,-0.2492735683917999,0,0
9428,1870,-0.2222427725791931,0.8751546144485474,-0.284550666809082,0,0
9433,1871,-0.2008817195892334,0.8878492712974548,-0.2904102206230164,0,0
9436,1872,-0.1553511768579483,0.8871164321899414,-0.2865033149719238,0,0
9441,1873,-0.1773237138986588,0.8838210105895996,-0.3044476211071014,0,0
9446,1874,-0.1964878290891647,0.881745457649231,-0.3156765997409821,0,0
9452,1875,-0.151567205786705,0.8854080438613892,-0.3153109550476074,0,0
9456,1876,-0.1212954670190811,0.8851637840270996,-0.288455992937088,0,0
9461,1877,-0.1330130100250244,0.8832111358642578,-0.2572071254253388,0,0
9472,1878,-0.1421679705381393,0.8680737018585205,-0.2384102195501328,0,0
9472,1879,-0.1099420115351677,0.8469569087028503,-0.2056956887245178,0,0
9478,1880,-0.08565117418766022,0.8347508311271668,-0.1890941560268402,0,0
9486,1881,-0.1024969890713692,0.8308439254760742,-0.219856008887291,0,0
9487,1882,-0.1245908811688423,0.8246187567710877,-0.2589170634746552,0,0
9493,1883,-0.1088435351848602,0.8053317070007324,-0.2772270143032074,0,0
9497,1884,-0.07356643676757813,0.7930042743682861,-0.278569757938385,0,0
9502,1885,-0.07820615172386169,0.7894629836082459,-0.2645308077335358,0,0
9506,1886,-0.08357714861631393,0.7740828394889832,-0.2557430267333984,0,0
9520,1887,-0.1048152893781662,0.7240370512008667,-0.2534231543540955,0,0
9520,1888,-0.07857179641723633,0.7306278944015503,-0.2592827081680298,0,0
9526,1889,-0.04720157757401466,0.7899515628814697,-0.2696590721607208,0,0
9531,1890,-0.02254354953765869,0.8185149431228638,-0.2653865516185761,0,0
9535,1891,-0.0275489054620266,0.8476897478103638,-0.2602598369121552,0,0
9539,1892,-0.03682522848248482,0.8305996656417847,-0.2860147655010223,0,0
9542,1893,-0.07466490566730499,0.7895859479904175,-0.2818651497364044,0,0
9547,1894,-0.09566032886505127,0.7652950882911682,-0.2807666957378388,0,0
9552,1895,-0.08223439753055573,0.7608996629714966,-0.2777140140533447,0,0
9557,1896,-0.09016797691583633,0.7681019306182861,-0.2697804272174835,0,0
9565,1897,-0.05696645751595497,0.7775011658668518,-0.2614796459674835,0,0
9569,1898,-0.04598018899559975,0.7847034931182861,-0.2603811919689179,0,0
9574,1899,-0.06978247314691544,0.7890973687171936,-0.268193393945694,0,0
9583,1900,-0.07149241119623184,0.8006935715675354,-0.2846720218658447,0,0
9583,1901,-0.06880691647529602,0.7943469882011414,-0.2710018157958984,0,0
9588,1902,-0.05183973908424377,0.8030133843421936,-0.261235386133194,0,0
9593,1903,0.01371066085994244,0.7793324589729309,-0.3117712736129761,0,0
9597,1904,-0.05611226335167885,0.7877545952796936,-0.2712445259094238,0,0
9603,1905,-0.1160458326339722,0.8370690941810608,-0.2336491346359253,0,0
9608,1906,-0.04231758415699005,0.8707591891288757,-0.2244941741228104,0,0
9618,1907,0.02213278971612454,0.8959057927131653,-0.2248598039150238,0,0
9623,1908,0.04898776113986969,0.9349668622016907,-0.233770489692688,0,0
9623,1909,0.05411447584629059,0.9530324935913086,-0.2408514320850372,0,0
9631,1910,0.05509003251791,0.9663370847702026,-0.2379216551780701,0,0
9633,1911,0.04788928851485252,0.9485157132148743,-0.2396300435066223,0,0
9638,1912,0.03238622471690178,0.9220278859138489,-0.2447567582130432,0,0
9643,1913,0.006385446060448885,0.9327698945999146,-0.2341376841068268,0,0
9647,1914,-0.02132216282188892,0.9238576889038086,-0.2353575229644775,0,0
9652,1915,-0.01851530373096466,0.9236149191856384,-0.2294979691505432,0,0
9658,1916,-0.002890876960009337,0.9411920309066773,-0.2329162955284119,0,0
9666,1917,-0.02376493811607361,0.9404591917991638,-0.2524476051330566,0,0
9668,1918,-0.04964279755949974,0.9215393662452698,-0.2608697414398193,0,0
9675,1919,-0.06636569648981094,0.9021309614181519,-0.2541559934616089,0,0
9678,1920,-0.06514430791139603,0.8840653300285339,-0.2525689601898193,0,0
9683,1921,-0.05122826620936394,0.8608729243278503,-0.2591613531112671,0,0
9688,1922,-0.04805577173829079,0.8393889665603638,-0.2587941586971283,0,0
9693,1923,-0.03926644846796989,0.8356050252914429,-0.2431697398424149,0,0
9698,1924,-0.02022369019687176,0.8314538598060608,-0.2233957052230835,0,0
9703,1925,0.004067143425345421,0.8276698589324951,-0.2157048434019089,0,0
9713,1926,0.01236791163682938,0.8274255990982056,-0.2179017961025238,0,0
9717,1927,-0.01741683296859264,0.8183935284614563,-0.2088697403669357,0,0
9722,1928,-0.03438400849699974,0.8109470009803772,-0.2064285278320313,0,0
9726,1929,-0.04024355858564377,0.7975195050239563,-0.2110666930675507,0,0
9730,1930,-0.05659926310181618,0.7853133678436279,-0.2157048434019089,0,0
9734,1931,-0.06148325651884079,0.7772569060325623,-0.2196117341518402,0,0
9739,1932,-0.05379240214824677,0.7757927775382996,-0.2171705067157745,0,0
9743,1933,-0.04317333176732063,0.7748156785964966,-0.2231514304876328,0,0
9748,1934,-0.04134202748537064,0.7726187705993652,-0.2138735502958298,0,0
9753,1935,-0.06062750890851021,0.7681019306182861,-0.2003246992826462,0,0
9759,1936,-0.09785883128643036,0.7578485012054443,-0.1975178420543671,0,0
9764,1937,-0.1182427778840065,0.7489378452301025,-0.2244941741228104,0,0
9769,1938,-0.1129947006702423,0.740392804145813,-0.2428040951490402,0,0
9774,1939,-0.06856263428926468,0.737707257270813,-0.2402399629354477,0,0
9779,1940,-0.04329469427466393,0.7334347367286682,-0.2402399629354477,0,0
9784,1941,-0.09737027436494827,0.7202531099319458,-0.2448796778917313,0,0
9789,1942,-0.1005443260073662,0.7179332375526428,-0.2406071573495865,0,0
9794,1943,-0.07942598313093185,0.7274538278579712,-0.2331605851650238,0,0
9799,1944,-0.08723820000886917,0.7434454560279846,-0.2520804107189179,0,0
9805,1945,-0.07075957953929901,0.77420574426651,-0.2368231862783432,0,0
9810,1946,-0.06355728209018707,0.7956897616386414,-0.1977621167898178,0,0
9816,1947,-0.07417790591716766,0.8397546410560608,-0.172249898314476,0,0
9821,1948,-0.07051530480384827,0.9010325074195862,-0.1632162928581238,0,0
9826,1949,-0.04292905330657959,0.9735393524169922,-0.1511315554380417,0,0
9830,1950,-0.118365690112114,1.072412610054016,-0.1475918740034103,0,0
9835,1951,-0.1709756106138229,1.197163820266724,-0.1474705040454865,0,0
9840,1952,-0.1527885943651199,1.113670587539673,-0.2283995002508164,0,0
9845,1953,-0.1995389610528946,1.062892079353333,-0.2315735518932343,0,0
9850,1954,-0.208205372095108,1.064111828804016,-0.199347585439682,0,0
9862,1955,-0.2133320868015289,1.027614951133728,-0.1857987493276596,0,0
9862,1956,-0.2360374480485916,1.018459916114807,-0.06068196520209312,0,0
9869,1957,-0.2191916406154633,1.064600467681885,-0.005140719935297966,0,0
9875,1958,-0.2008817195892334,1.084741592407227,-0.029310192912817,0,0
9875,1959,-0.1872099488973618,1.048731684684753,-0.05909493938088417,0,0
9881,1960,-0.1584023088216782,0.9796431660652161,-0.09656897932291031,0,0
9885,1961,-0.1735397428274155,0.9050607085227966,-0.1203712597489357,0,0
9890,1962,-0.1604778915643692,0.824497401714325,-0.1054796651005745,0,0
9895,1963,-0.1293519586324692,0.9592576622962952,-0.1245224177837372,0,0
9900,1964,-0.2227313220500946,0.9366752505302429,-0.2262025624513626,0,0
9907,1965,-0.3091542422771454,0.8843095898628235,-0.2091140151023865,0,0
9912,1966,-0.3307595551013947,0.9009096026420593,-0.1571140289306641,0,0
9918,1967,-0.3445542454719544,0.9118958115577698,-0.1309918910264969,0,0
9922,1968,-0.4616145491600037,0.887239396572113,-0.03431554883718491,0,0
9925,1969,-0.7396817207336426,0.8609943389892578,0.1651409566402435,0,0
9930,1970,-0.5617092251777649,0.9258118867874146,0.286108136177063,0,0
9935,1971,-0.3954557776451111,0.9652385711669922,0.257666140794754,0,0
9940,1972,-0.3408916294574738,0.9762248396873474,0.1762485802173615,0,0
9945,1973,-0.3307595551013947,0.9649943113327026,0.1004463061690331,0,0
9950,1974,-0.3472381830215454,0.9260561466217041,0.04026689752936363,0,0
9956,1975,-0.348580926656723,0.8874821066856384,0.01011651288717985,0,0
9961,1976,-0.3421114683151245,0.8613599538803101,-0.01429568137973547,0,0
9965,1977,-0.329661101102829,0.8369477391242981,-0.03175141289830208,0,0
9971,1978,-0.3156237006187439,0.8242530822753906,-0.0362682119011879,0,0
9975,1979,-0.3096427917480469,0.826815664768219,-0.03870943188667297,0,0
9980,1980,-0.3039061427116394,0.8292568922042847,-0.03858807310461998,0,0
9985,1981,-0.2989008128643036,0.8335294127464294,-0.04444606602191925,0,0
9990,1982,-0.2692389786243439,0.8612385988235474,-0.04774303361773491,0,0
9995,1983,-0.2650878131389618,0.8778401017189026,-0.05079416930675507,0,0
10004,1984,-0.2636237144470215,0.887726366519928,-0.06373310089111328,0,0
10009,1985,-0.251906156539917,0.8971256017684937,-0.0700812041759491,0,0
10014,1986,-0.2433611154556274,0.9024965763092041,-0.07752622663974762,0,0
10019,1987,-0.2444595843553543,0.9073790311813355,-0.07862469553947449,0,0
10021,1988,-0.2453137785196304,0.9110416173934937,-0.0766720324754715,0,0
10026,1989,-0.240675613284111,0.9145813584327698,-0.06776134669780731,0,0
10031,1990,-0.234694704413414,0.9137271642684937,-0.06275598704814911,0,0
10036,1991,-0.2398214191198349,0.9101874232292175,-0.05921629816293716,0,0
10041,1992,-0.2421397268772125,0.9193423986434937,-0.0612918809056282,0,0
10046,1993,-0.2460466027259827,0.9256889820098877,-0.05543233081698418,0,0
10055,1994,-0.2447038590908051,0.925567626953125,-0.04469034448266029,0,0
10059,1995,-0.2451924085617065,0.9309386014938355,-0.02345064468681812,0,0
10061,1996,-0.2489763796329498,0.9350882172584534,-0.007949133403599262,0,0
10069,1997,-0.2517832517623901,0.9404591917991638,0.001084467861801386,0,0
10071,1998,-0.2497076541185379,0.9405820965766907,0.00584399001672864,0,0
10076,1999,-0.2500748634338379,0.9372851252555847,0.002548577031120658,0,0
10081,2000,-0.2599610984325409,0.930205762386322,-0.01746973395347595,0,0
10086,2001,-0.2681404948234558,0.9277645349502564,-0.04310331493616104,0,0
10092,2002,-0.2664305567741394,0.9204409122467041,-0.0612918809056282,0,0
10099,2003,-0.2764412760734558,0.9082332253456116,-0.07252242416143417,0,0
10107,2004,-0.272168755531311,0.9181210398674011,-0.08546135574579239,0,0
10107,2005,-0.2598397433757782,0.9265431761741638,-0.09412775933742523,0,0
10114,2006,-0.2604496479034424,0.9281302094459534,-0.09717889875173569,0,0
10121,2007,-0.264845073223114,0.9332569241523743,-0.09791173040866852,0,0
10127,2008,-0.2682618498802185,0.9330126047134399,-0.1021842509508133,0,0
10127,2009,-0.2718015611171722,0.9310599565505981,-0.1110949367284775,0,0
10132,2010,-0.2765626311302185,0.9203179478645325,-0.1184185966849327,0,0
10137,2011,-0.2857176065444946,0.9155584573745728,-0.1253766119480133,0,0
10142,2012,-0.2888916432857513,0.9161683917045593,-0.1305033266544342,0,0
10148,2013,-0.2949954569339752,0.9142156839370728,-0.1353857666254044,0,0
10155,2014,-0.3040275275707245,0.9147027134895325,-0.1340430229902268,0,0
10161,2015,-0.3200175762176514,0.9118958115577698,-0.1374613493680954,0,0
10166,2016,-0.3133038282394409,0.931182861328125,-0.1198827028274536,0,0
10171,2017,-0.3218488991260529,0.9438775181770325,-0.1214697286486626,0,0
10173,2018,-0.3285626173019409,0.9457088112831116,-0.1286720335483551,0,0
10177,2019,-0.3255114853382111,0.9439988732337952,-0.1269636452198029,0,0
10182,2020,-0.3239244520664215,0.9386278986930847,-0.1253766119480133,0,0
10187,2021,-0.3250229358673096,0.9345996379852295,-0.1197613403201103,0,0
10193,2022,-0.3206290602684021,0.9330126047134399,-0.1163430139422417,0,0
10201,2023,-0.315379410982132,0.9338683485984802,-0.1141460686922073,0,0
10208,2024,-0.3091542422771454,0.9338683485984802,-0.1146346256136894,0,0
10208,2025,-0.3079344034194946,0.929228663444519,-0.1146346256136894,0,0
10214,2026,-0.3089099526405335,0.9215393662452698,-0.1146346256136894,0,0
10219,2027,-0.2819336354732513,0.9414362907409668,-0.1015727818012238,0,0
10223,2028,-0.2810794413089752,0.9510798454284668,-0.09095370769500732,0,0
10228,2029,-0.2840092182159424,0.9474171996116638,-0.0816773846745491,0,0
10233,2030,-0.2813237011432648,0.9389950633049011,-0.0766720324754715,0,0
10238,2031,-0.2565443217754364,0.9493699073791504,-0.0612918809056282,0,0
10250,2032,-0.2514176070690155,0.9509568810462952,-0.05384530499577522,0,0
10250,2033,-0.2526374459266663,0.9559622406959534,-0.05787355080246925,0,0
10256,2034,-0.2448252141475678,0.9574263691902161,-0.05933921411633492,0,0
10261,2035,-0.2355488985776901,0.9520553946495056,-0.05457813665270805,0,0
10266,2036,-0.2447038590908051,0.9382622838020325,-0.05836210399866104,0,0
10268,2037,-0.256788581609726,0.9247134327888489,-0.06690715253353119,0,0
10273,2038,-0.2284695208072662,0.9248347878456116,-0.05323538929224014,0,0
10278,2039,-0.2282252460718155,0.9189752340316773,-0.04481326043605804,0,0
10283,2040,-0.2449481338262558,0.9095759987831116,-0.04713156074285507,0,0
10288,2041,-0.2265152931213379,0.9021309614181519,-0.03565829619765282,0,0
10293,2042,-0.2309107333421707,0.8950515985488892,-0.03468118607997894,0,0
10302,2043,-0.2282252460718155,0.8905347585678101,-0.04517889767885208,0,0
10306,2044,-0.2271267622709274,0.8921217918395996,-0.05360102653503418,0,0
10308,2045,-0.2227313220500946,0.8889477252960205,-0.06690715253353119,0,0
10313,2046,-0.2155290246009827,0.8955385684967041,-0.07691630721092224,0,0
10318,2047,-0.1974633783102036,0.9171454906463623,-0.0682499036192894,0,0
10323,2048,-0.1975862979888916,0.9299615025520325,-0.07471936196088791,0,0
10328,2049,-0.2027130126953125,0.9263004064559937,-0.08484987914562225,0,0
10333,2050,-0.2075954526662827,0.916901171207428,-0.09083234518766403,0,0
10338,2051,-0.1607221812009811,0.9286187291145325,-0.0664185956120491,0,0
10346,2052,-0.1625534743070602,0.9310599565505981,-0.06739570945501328,0,0
10351,2053,-0.1728069186210632,0.9244691133499146,-0.0781361386179924,0,0
10356,2054,-0.1676801890134811,0.9153141975402832,-0.07618347555398941,0,0
10361,2055,-0.1706099659204483,0.9033507704734802,-0.07825905829668045,0,0
10364,2056,-0.1884313374757767,0.888703465461731,-0.09363920241594315,0,0
10369,2057,-0.1193412467837334,0.8982240557670593,-0.05360102653503418,0,0
10373,2058,-0.1376511752605438,0.8963927626609802,-0.04200484603643417,0,0
10379,2059,-0.1526656895875931,0.8888248205184937,-0.04115065187215805,0,0
10384,2060,-0.1494916379451752,0.885896623134613,-0.04261631891131401,0,0
10389,2061,-0.1524213999509811,0.8725904822349548,-0.04481326043605804,0,0
10396,2062,-0.1741496622562408,0.8700278997421265,-0.05946057662367821,0,0
10401,2063,-0.107135146856308,0.8855293989181519,-0.02809036150574684,0,0
10406,2064,-0.1087221801280975,0.8857737183570862,-0.01136746350675821,0,0
10411,2065,-0.1369199007749558,0.880402684211731,-0.01295293308794498,0,0
10414,2066,-0.1466847807168961,0.8711264133453369,-0.01649417914450169,0,0
10419,2067,-0.1350885927677155,0.8768630027770996,-0.01039035338908434,0,0
10424,2068,-0.126299262046814,0.8880935311317444,0.004624158143997192,0,0
10429,2069,-0.1298389583826065,0.8918775320053101,0.006088267546147108,0,0
10434,2070,-0.132280170917511,0.9011538624763489,0.004745519254356623,0,0
10442,2071,-0.136308416724205,0.9048164486885071,0.008042488247156143,0,0
10447,2072,-0.1364313364028931,0.9042065143585205,0.0007172735640779138,0,0
10452,2073,-0.1442435532808304,0.9000554084777832,-0.002212501130998135,0,0
10457,2074,-0.1309374272823334,0.919586718082428,0.004624158143997192,0,0
10459,2075,-0.1520557701587677,0.9330126047134399,-0.00599646894261241,0,0
10464,2076,-0.1068908721208572,0.9388721585273743,0.007675293833017349,0,0
10469,2077,-0.1089664548635483,0.9499797821044922,0.009262319654226303,0,0
10474,2078,-0.1245908811688423,0.9564492702484131,0.003769964911043644,0,0
10480,2079,-0.1321588158607483,0.9544966220855713,-0.0001369199017062783,0,0
10484,2080,-0.1391168385744095,0.9479057788848877,0.003281409852206707,0,0
10493,2081,-0.1200740784406662,0.9651172161102295,0.004135603085160255,0,0
10498,2082,-0.1364313364028931,0.9750034809112549,-0.006850662641227245,0,0
10503,2083,-0.07869315147399902,0.9839141368865967,0.006455461960285902,0,0
10507,2084,-0.08601836860179901,0.9887981414794922,0.002548577031120658,0,0
10510,2085,-0.1079893410205841,0.9876981377601624,-0.002089584246277809,0,0
10515,2086,-0.1110420376062393,0.9885538816452026,-0.002943777712062001,0,0
10519,2087,-0.1081122606992722,0.9887981414794922,-0.002822416834533215,0,0
10525,2088,-0.1104305610060692,0.9885538816452026,-0.002212501130998135,0,0
10529,2089,-0.09590460360050201,1.003566861152649,0.00584399001672864,0,0
10535,2090,-0.1096992865204811,1.007229447364807,0.007919571362435818,0,0
10541,2091,-0.1200740784406662,1.002591252326965,0.0009615510934963822,0,0
10546,2092,-0.122393935918808,1.001125574111939,-0.0008697524899616838,0,0
10551,2093,-0.1214168295264244,0.9944118857383728,0.001815744559280574,0,0
10555,2094,-0.1255664378404617,0.9887981414794922,-0.001845306716859341,0,0
10560,2095,-0.1336229294538498,0.9850142002105713,-0.001235390896908939,0,0
10565,2096,-0.1410695016384125,0.9840370416641235,0.003037132322788239,0,0
10570,2097,-0.1420466154813767,0.9762248396873474,0.006455461960285902,0,0
10575,2098,-0.1399710327386856,0.9678027033805847,0.009262319654226303,0,0
10580,2099,-0.1485160738229752,0.9649943113327026,0.004868435673415661,0,0
10591,2100,-0.1448534727096558,0.9558393359184265,0.00340277049690485,0,0
10591,2101,-0.1483931541442871,0.9363095760345459,0.00523407431319356,0,0
10596,2102,-0.1691443026065826,0.9370408654212952,-0.004775081295520067,0,0
10601,2103,-0.1459519416093826,0.9252004027366638,0.004501241724938154,0,0
10605,2104,-0.09895730018615723,0.9338683485984802,0.01915011368691921,0,0
10610,2105,-0.1214168295264244,0.9344782829284668,0.01622034050524235,0,0
10615,2106,-0.1607221812009811,0.9197080731391907,0.01451195310801268,0,0
10620,2107,-0.1590137928724289,0.9217836260795593,0.0152432294562459,0,0
10625,2108,-0.1604778915643692,0.9247134327888489,0.01438903622329235,0,0
10630,2109,-0.1772007942199707,0.9178767204284668,0.01561042387038469,0,0
10637,2110,-0.1793977320194244,0.9217836260795593,0.01170353963971138,0,0
10642,2111,-0.1772007942199707,0.9291073083877564,0.008652403950691223,0,0
10647,2112,-0.1719527244567871,0.9398492574691773,0.005722629372030497,0,0
10652,2113,-0.2045443207025528,0.9487599730491638,-0.0005025582504458726,0,0
10656,2114,-0.1892855316400528,0.9336240887641907,0.0009615510934963822,0,0
10661,2115,-0.1735397428274155,0.9446103572845459,-0.009657520800828934,0,0
10666,2116,-0.165848895907402,0.9603561758995056,-0.01734837330877781,0,0
10671,2117,-0.188065692782402,0.9620645046234131,-0.02308500558137894,0,0
10676,2118,-0.1978305727243424,0.9627973437309265,-0.02772316709160805,0,0
10682,2119,-0.2091824859380722,0.9618202447891235,-0.03187432885169983,0,0
10686,2120,-0.2127221673727036,0.9635301828384399,-0.03102013655006886,0,0
10692,2121,-0.2160175889730454,0.9620645046234131,-0.02918883226811886,0,0
10696,2122,-0.2198015600442886,0.9607217907905579,-0.0278460830450058,0,0
10701,2123,-0.2205343842506409,0.9598675966262817,-0.02650333568453789,0,0
10706,2124,-0.2209000289440155,0.9610889554023743,-0.0294331107288599,0,0
10711,2125,-0.2198015600442886,0.9591347575187683,-0.02735752798616886,0,0
10716,2126,-0.2212672233581543,0.9507126212120056,-0.03236132860183716,0,0
10721,2127,-0.2270038574934006,0.9430233240127564,-0.0276018064469099,0,0
10727,2128,-0.2179718017578125,0.9491255879402161,-0.02589186280965805,0,0
10732,2129,-0.1974633783102036,0.9558393359184265,-0.02711325138807297,0,0
10738,2130,-0.2182145267724991,0.9475385546684265,-0.02650333568453789,0,0
10743,2131,-0.2230985164642334,0.9458301663398743,-0.02772316709160805,0,0
10750,2132,-0.2172389775514603,0.9442431926727295,-0.03284988179802895,0,0
10755,2133,-0.1955107152462006,0.9421675801277161,-0.01966667547821999,0,0
10757,2134,-0.2061313539743424,0.9420462250709534,-0.01832392811775208,0,0
10762,2135,-0.2034458518028259,0.9383836388587952,-0.02003386989235878,0,0
10767,2136,-0.2017359137535095,0.9349668622016907,-0.02210789546370506,0,0
10772,2137,-0.196243554353714,0.9316698908805847,-0.01844684407114983,0,0
10777,2138,-0.1977076679468155,0.9247134327888489,-0.01905675977468491,0,0
10789,2139,-0.1966091841459274,0.921904981136322,-0.02015523053705692,0,0
10789,2140,-0.1959992796182632,0.9201965928077698,-0.02296364493668079,0,0
10796,2141,-0.1923366636037827,0.9230034947395325,-0.02491630986332893,0,0
10803,2142,-0.1916053891181946,0.921904981136322,-0.02369492128491402,0,0
10803,2143,-0.1952664405107498,0.9259332418441773,-0.02369492128491402,0,0
10809,2144,-0.1934351325035095,0.9259332418441773,-0.02564914152026177,0,0
10812,2145,-0.1913611143827438,0.9223935604095459,-0.02332928217947483,0,0
10818,2146,-0.194167971611023,0.9233706593513489,-0.02479339204728603,0,0
10823,2147,-0.2006374299526215,0.9258118867874146,-0.02454911544919014,0,0
10836,2148,-0.1995389610528946,0.9260561466217041,-0.02308500558137894,0,0
10836,2149,-0.1985618621110916,0.9253233075141907,-0.02284072712063789,0,0
10841,2150,-0.1793977320194244,0.9310599565505981,-0.01551706995815039,0,0
10846,2151,-0.1918496638536453,0.929228663444519,-0.02198653481900692,0,0
10850,2152,-0.2245626300573349,0.9165340065956116,-0.06422165781259537,0,0
10853,2153,-0.2066183388233185,0.9215393662452698,-0.04334759339690208,0,0
10857,2154,-0.2111351490020752,0.9389950633049011,-0.003310972126200795,0,0
10862,2155,-0.23066645860672,0.9447317123413086,-0.01124454662203789,0,0
10867,2156,-0.2351817041635513,0.9450973868370056,-0.03382699191570282,0,0
10873,2157,-0.2216328531503677,0.9491255879402161,-0.032972801476717,0,0
10882,2158,-0.2121122628450394,0.954252302646637,-0.01222165673971176,0,0
10883,2159,-0.2155290246009827,0.9596233367919922,0.003281409852206707,0,0
10890,2160,-0.2265152931213379,0.9593790173530579,0.002427216386422515,0,0
10895,2161,-0.2316420078277588,0.9566935300827026,-0.001112474128603935,0,0
10898,2162,-0.2312763780355454,0.9535210728645325,-0.004409443121403456,0,0
10903,2163,-0.2184588015079498,0.9475385546684265,-0.001723945955745876,0,0
10908,2164,-0.2050328701734543,0.9429004192352295,0.0002302743669133633,0,0
10913,2165,-0.2012473493814468,0.9363095760345459,0.0009615510934963822,0,0
10918,2166,-0.1956336349248886,0.9350882172584534,0.0004729960055556148,0,0
10923,2167,-0.1924595832824707,0.9328912496566773,0.001328745391219854,0,0
10932,2168,-0.1891641765832901,0.9299615025520325,0.003158492967486382,0,0
10937,2169,-0.1864786744117737,0.9270316958427429,0.00279285479336977,0,0
10942,2170,-0.1823275089263916,0.927885890007019,0.0009615510934963822,0,0
10946,2171,-0.1763466000556946,0.9336240887641907,0.0009615510934963822,0,0
10949,2172,-0.1743939369916916,0.9322813153266907,0.0001073576422641054,0,0
10953,2173,-0.1698771417140961,0.9383836388587952,0.0001073576422641054,0,0
10959,2174,-0.1651160567998886,0.9459515810012817,-0.007704855874180794,0,0
10963,2175,-0.1599893420934677,0.9491255879402161,-0.009291881695389748,0,0
10968,2176,-0.1533985137939453,0.9538866877555847,-0.008314771577715874,0,0
10975,2177,-0.1482717990875244,0.9549851417541504,-0.01039035338908434,0,0
10986,2178,-0.142656534910202,0.9544966220855713,-0.01209873985499144,0,0
10986,2179,-0.1398481130599976,0.9560835957527161,-0.01466287579387426,0,0
10991,2180,-0.1367969810962677,0.9532767534255981,-0.0144185982644558,0,0
10995,2181,-0.1366756111383438,0.9519340395927429,-0.01612698473036289,0,0
10999,2182,-0.1399710327386856,0.9474171996116638,-0.02162089571356773,0,0
11004,2183,-0.1378954499959946,0.9482713937759399,-0.02174225635826588,0,0
11009,2184,-0.1265435516834259,0.9492484927177429,-0.02100942470133305,0,0
11014,2185,-0.1471733301877976,0.9436332583427429,-0.022596450522542,0,0
11019,2186,-0.1781779080629349,0.9421675801277161,-0.02906591631472111,0,0
11029,2187,-0.1607221812009811,0.9443660974502564,-0.020765146240592,0,0
11034,2188,-0.1535198837518692,0.944121778011322,-0.02027814835309982,0,0
11035,2189,-0.159745067358017,0.9416806101799011,-0.02186517417430878,0,0
11040,2190,-0.1608435362577438,0.9403378367424011,-0.0211323406547308,0,0
11045,2191,-0.1610878109931946,0.9388721585273743,-0.020765146240592,0,0
11050,2192,-0.1590137928724289,0.9347225427627564,-0.02308500558137894,0,0
11054,2193,-0.1645061373710632,0.9358210563659668,-0.01991095393896103,0,0
11059,2194,-0.1682901084423065,0.9310599565505981,-0.02149797976016998,0,0
11064,2195,-0.1697557717561722,0.9298401474952698,-0.02235217206180096,0,0
11069,2196,-0.1674359142780304,0.9313042163848877,-0.02271936647593975,0,0
11076,2197,-0.1698771417140961,0.9310599565505981,-0.02418347634375095,0,0
11081,2198,-0.1712198853492737,0.927885890007019,-0.02210789546370506,0,0
11086,2199,-0.1715855300426483,0.9283744692802429,-0.02540486492216587,0,0
11091,2200,-0.1704870462417603,0.9271546006202698,-0.02699189074337483,0,0
11095,2201,-0.1675572842359543,0.9276431798934937,-0.02821172215044498,0,0
11099,2202,-0.1659702509641647,0.9314271807670593,-0.02894455380737782,0,0
11104,2203,-0.1641405075788498,0.9300844073295593,-0.03248424455523491,0,0
11109,2204,-0.1632863134145737,0.9271546006202698,-0.03370407596230507,0,0
11114,2205,-0.1662145256996155,0.9306943416595459,-0.03651249036192894,0,0
11120,2206,-0.1660931706428528,0.9286187291145325,-0.03968654200434685,0,0
11127,2207,-0.1662145256996155,0.9284973740577698,-0.03553538024425507,0,0
11132,2208,-0.1685343831777573,0.9321584105491638,-0.03346135467290878,0,0
11138,2209,-0.1664588004350662,0.9347225427627564,-0.03822087869048119,0,0
11142,2210,-0.1682901084423065,0.934843897819519,-0.03993082046508789,0,0
11145,2211,-0.1691443026065826,0.9343553781509399,-0.03712240606546402,0,0
11150,2212,-0.1676801890134811,0.9331355094909668,-0.03480410575866699,0,0
11155,2213,-0.1712198853492737,0.934843897819519,-0.03431554883718491,0,0
11160,2214,-0.1729282736778259,0.9345996379852295,-0.03223996609449387,0,0
11165,2215,-0.1724412739276886,0.9353324770927429,-0.03187432885169983,0,0
11170,2216,-0.1759809702634811,0.9400935769081116,-0.03346135467290878,0,0
11178,2217,-0.1775679886341095,0.9400935769081116,-0.03040866367518902,0,0
11183,2218,-0.1763466000556946,0.936186671257019,-0.03492546454071999,0,0
11188,2219,-0.1761023253202438,0.9381393194198608,-0.03590257465839386,0,0
11190,2220,-0.1774450689554215,0.9376523494720459,-0.03346135467290878,0,0
11195,2221,-0.1802534908056259,0.9366752505302429,-0.03077585808932781,0,0
11200,2222,-0.1781779080629349,0.9367981553077698,-0.03199569135904312,0,0
11205,2223,-0.1778107136487961,0.9366752505302429,-0.0296773873269558,0,0
11210,2224,-0.1815946847200394,0.9366752505302429,-0.02809036150574684,0,0
11215,2225,-0.1795206516981125,0.9352111220359802,-0.029310192912817,0,0
11223,2226,-0.179032102227211,0.934843897819519,-0.03236132860183716,0,0
11227,2227,-0.1762252449989319,0.9355767369270325,-0.03785523772239685,0,0
11232,2228,-0.1747595816850662,0.9408248066902161,-0.03053158149123192,0,0
11237,2229,-0.1732954680919647,0.9389950633049011,-0.03150713443756104,0,0
11241,2230,-0.1718298047780991,0.9388721585273743,-0.03321707621216774,0,0
11245,2231,-0.1698771417140961,0.9405820965766907,-0.03065294213593006,0,0
11251,2232,-0.1664588004350662,0.9366752505302429,-0.029310192912817,0,0
11255,2233,-0.1665817201137543,0.9408248066902161,-0.03077585808932781,0,0
11260,2234,-0.1645061373710632,0.9409477710723877,-0.02796744368970394,0,0
11266,2235,-0.1671916395425797,0.9424118399620056,-0.0294331107288599,0,0
11272,2236,-0.1636519432067871,0.9405820965766907,-0.03077585808932781,0,0
11277,2237,-0.1642618626356125,0.938506543636322,-0.02870027720928192,0,0
11282,2238,-0.1649947017431259,0.9392393827438355,-0.02796744368970394,0,0
11286,2239,-0.158769503235817,0.9383836388587952,-0.02735752798616886,0,0
11291,2240,-0.1609664559364319,0.9388721585273743,-0.03102013655006886,0,0
11296,2241,-0.1620649248361588,0.9372851252555847,-0.02870027720928192,0,0
11301,2242,-0.1586465984582901,0.9387508034706116,-0.03163005039095879,0,0
11306,2243,-0.1575481295585632,0.9370408654212952,-0.02625905722379684,0,0
11312,2244,-0.1571824848651886,0.9378966093063355,-0.02503767050802708,0,0
11317,2245,-0.1535198837518692,0.9402149319648743,-0.02454911544919014,0,0
11326,2246,-0.1547412574291229,0.9380179643630981,-0.029310192912817,0,0
11334,2247,-0.1576710343360901,0.9407034516334534,-0.03089721873402596,0,0
11334,2248,-0.1568152904510498,0.9415576457977295,-0.02833463810384274,0,0
11341,2249,-0.1564496457576752,0.9469286799430847,-0.02454911544919014,0,0
11347,2250,-0.1553511768579483,0.9452202916145325,-0.02540486492216587,0,0
11347,2251,-0.1543740630149841,0.9452202916145325,-0.02430639415979385,0,0
11352,2252,-0.1560840159654617,0.9471729397773743,-0.02430639415979385,0,0
11356,2253,-0.1548626273870468,0.9476615190505981,-0.02296364493668079,0,0
11361,2254,-0.1543740630149841,0.9477828741073608,-0.02662469632923603,0,0
11370,2255,-0.1513229310512543,0.9498584270477295,-0.027478888630867,0,0
11375,2256,-0.1523000448942184,0.9491255879402161,-0.02906591631472111,0,0
11380,2257,-0.1519328504800797,0.9485157132148743,-0.02662469632923603,0,0
11384,2258,-0.1540084332227707,0.9482713937759399,-0.02870027720928192,0,0
11387,2259,-0.1472946852445602,0.9507126212120056,-0.03199569135904312,0,0
11392,2260,-0.145586296916008,0.9483942985534668,-0.03028730303049088,0,0
11397,2261,-0.1480275243520737,0.9477828741073608,-0.02454911544919014,0,0
11402,2262,-0.1479046046733856,0.9496141672134399,-0.024427754804492,0,0
11407,2263,-0.1443649083375931,0.9479057788848877,-0.02137661911547184,0,0
11416,2264,-0.1470504105091095,0.9485157132148743,-0.01954531483352184,0,0
11423,2265,-0.1477832496166229,0.9492484927177429,-0.02381783910095692,0,0
11423,2266,-0.1487603485584259,0.9485157132148743,-0.02345064468681812,0,0
11430,2267,-0.163773313164711,0.9453416466712952,-0.03468118607997894,0,0
11436,2268,-0.1333786547183991,0.9461958408355713,-0.01746973395347595,0,0
11441,2269,-0.1507130265235901,0.9466843605041504,-0.01258729491382837,0,0
11443,2270,-0.1593794226646423,0.9450973868370056,-0.01917967759072781,0,0
11448,2271,-0.1554740965366364,0.9471729397773743,-0.02723461203277111,0,0
11453,2272,-0.1562053710222244,0.9463187456130981,-0.02552622556686401,0,0
11457,2273,-0.157915323972702,0.9505912661552429,-0.02430639415979385,0,0
11467,2274,-0.1588908731937408,0.9491255879402161,-0.02357356064021587,0,0
11468,2275,-0.1613320857286453,0.9483942985534668,-0.02039950899779797,0,0
11473,2276,-0.1565725654363632,0.9505912661552429,-0.01783692836761475,0,0
11481,2277,-0.1552298218011856,0.9474171996116638,-0.01673690043389797,0,0
11483,2278,-0.1544969826936722,0.9491255879402161,-0.02003386989235878,0,0
11487,2279,-0.1565725654363632,0.9499797821044922,-0.02540486492216587,0,0
11492,2280,-0.1533985137939453,0.9465630054473877,-0.03163005039095879,0,0
11498,2281,-0.1513229310512543,0.9496141672134399,-0.02821172215044498,0,0
11502,2282,-0.1541313529014587,0.9466843605041504,-0.02479339204728603,0,0
11508,2283,-0.1512015759944916,0.9474171996116638,-0.03089721873402596,0,0
11515,2284,-0.1514458507299423,0.9512012004852295,-0.03065294213593006,0,0
11520,2285,-0.1504687368869782,0.9529095888137817,-0.03370407596230507,0,0
11524,2286,-0.1483931541442871,0.9513225555419922,-0.0326056070625782,0,0
11529,2287,-0.1459519416093826,0.952422559261322,-0.0344369113445282,0,0
11533,2288,-0.1483931541442871,0.952788233757019,-0.03748960047960281,0,0
11538,2289,-0.1481488794088364,0.9525439143180847,-0.03822087869048119,0,0
11543,2290,-0.1485160738229752,0.9469286799430847,-0.04200484603643417,0,0
11548,2291,-0.143633633852005,0.945464551448822,-0.04322623461484909,0,0
11553,2292,-0.1062809601426125,0.9469286799430847,-0.03553538024425507,0,0
11559,2293,-0.1753694862127304,0.9430233240127564,-0.06409873813390732,0,0
11565,2294,-0.1836702674627304,0.9520553946495056,-0.0700812041759491,0,0
11570,2295,-0.1542527079582214,0.9576706290245056,-0.05616516247391701,0,0
11576,2296,-0.149614542722702,0.9606004357337952,-0.05445677787065506,0,0
11580,2297,-0.1519328504800797,0.9645057320594788,-0.04359187185764313,0,0
11584,2298,-0.1320358961820602,0.9726851582527161,-0.02955447137355804,0,0
11589,2299,-0.1311817020177841,0.9834271669387817,-0.03040866367518902,0,0
11593,2300,-0.2282252460718155,0.9850142002105713,-0.08631554991006851,0,0
11599,2301,-0.1514458507299423,0.9979531168937683,-0.07410789281129837,0,0
11603,2302,-0.1122618690133095,1.006985187530518,-0.04896286502480507,0,0
11614,2303,-0.1072565093636513,1.001858472824097,-0.03199569135904312,0,0
11617,2304,-0.1512015759944916,0.9862340092658997,-0.03248424455523491,0,0
11622,2305,-0.2011259943246841,0.9790316820144653,-0.03834379464387894,0,0
11627,2306,-0.2102809548377991,0.9785447120666504,-0.04566745460033417,0,0
11629,2307,-0.2119893431663513,0.9742721915245056,-0.06861554086208344,0,0
11634,2308,-0.1952664405107498,0.9701210260391235,-0.08021172136068344,0,0
11639,2309,-0.1973420232534409,0.9618202447891235,-0.09144226461648941,0,0
11644,2310,-0.1986847668886185,0.9531538486480713,-0.09644605964422226,0,0
11649,2311,-0.185013011097908,0.9432675838470459,-0.09534759074449539,0,0
11654,2312,-0.1546183526515961,0.936186671257019,-0.09730181097984314,0,0
11661,2313,-0.1729282736778259,0.9137271642684937,-0.1059682220220566,0,0
11666,2314,-0.1742710173130035,0.8924874663352966,-0.08985523879528046,0,0
11671,2315,-0.1708542406558991,0.873444676399231,-0.06617432087659836,0,0
11676,2316,-0.1748824864625931,0.8652668595314026,-0.04224912449717522,0,0
11679,2317,-0.1736610978841782,0.8645340204238892,-0.02699189074337483,0,0
11684,2318,-0.1812290400266647,0.8674637675285339,-0.03163005039095879,0,0
11690,2319,-0.1944122463464737,0.8685622215270996,-0.05042853206396103,0,0
11695,2320,-0.2027130126953125,0.8742988705635071,-0.06995828449726105,0,0
11699,2321,-0.2108908742666245,0.8750317096710205,-0.09254073351621628,0,0
11712,2322,-0.22334124147892,0.8732004165649414,-0.1068224161863327,0,0
11712,2323,-0.2371359169483185,0.8689294457435608,-0.1162216514348984,0,0
11717,2324,-0.2339618653059006,0.8681966066360474,-0.1200056225061417,0,0
11722,2325,-0.2108908742666245,0.8761301636695862,-0.1148789077997208,0,0
11727,2326,-0.2130878120660782,0.8785713911056519,-0.1162216514348984,0,0
11730,2327,-0.2210229486227036,0.8856523633003235,-0.1152445450425148,0,0
11735,2328,-0.221511498093605,0.8899233341217041,-0.1154888197779656,0,0
11740,2329,-0.217483252286911,0.8896805644035339,-0.1131705194711685,0,0
11745,2330,-0.2229756116867065,0.9049378037452698,-0.1064567714929581,0,0
11750,2331,-0.2226099669933319,0.9166569113731384,-0.1070666909217835,0,0
11756,2332,-0.217483252286911,0.9187309145927429,-0.1198827028274536,0,0
11760,2333,-0.2107695043087006,0.9216607213020325,-0.1267193704843521,0,0
11770,2334,-0.2138206362724304,0.9313042163848877,-0.1329445540904999,0,0
11770,2335,-0.2067412585020065,0.9360653162002564,-0.1350201368331909,0,0
11775,2336,-0.1934351325035095,0.9407034516334534,-0.1336773782968521,0,0
11780,2337,-0.190993919968605,0.9409477710723877,-0.1270850002765656,0,0
11785,2338,-0.2090595662593842,0.9338683485984802,-0.1273292750120163,0,0
11790,2339,-0.2088168412446976,0.9243462085723877,-0.1259865313768387,0,0
11795,2340,-0.1949008107185364,0.9298401474952698,-0.1309918910264969,0,0
11800,2341,-0.1897740811109543,0.9374080896377564,-0.1296491324901581,0,0
11811,2342,-0.1978305727243424,0.9410691261291504,-0.1213483661413193,0,0
11818,2343,-0.20014888048172,0.9439988732337952,-0.1123147681355476,0,0
11818,2344,-0.2000275254249573,0.9504683613777161,-0.1146346256136894,0,0
11825,2345,-0.2016145437955856,0.9543752670288086,-0.1175644025206566,0,0
11830,2346,-0.2018588185310364,0.955595076084137,-0.1229353919625282,0,0
11831,2347,-0.2038114815950394,0.9549851417541504,-0.1268407255411148,0,0
11836,2348,-0.2007603496313095,0.9493699073791504,-0.1219582855701447,0,0
11841,2349,-0.2017359137535095,0.9457088112831116,-0.1163430139422417,0,0
11846,2350,-0.2025900930166245,0.9381393194198608,-0.1109720170497894,0,0
11854,2351,-0.2053985148668289,0.9310599565505981,-0.1103621050715447,0,0
11864,2352,-0.2072298228740692,0.9303271174430847,-0.1152445450425148,0,0
11864,2353,-0.2064969837665558,0.9203179478645325,-0.1189071461558342,0,0
11872,2354,-0.2080840170383453,0.9158027172088623,-0.1197613403201103,0,0
11872,2355,-0.2101595997810364,0.9100645184516907,-0.1191514283418655,0,0
11879,2356,-0.2107695043087006,0.9040836095809937,-0.118539959192276,0,0
11886,2357,-0.2112580686807632,0.9000554084777832,-0.120126985013485,0,0
11886,2358,-0.2101595997810364,0.897004246711731,-0.1226911172270775,0,0
11891,2359,-0.2043000459671021,0.8930973410606384,-0.1230567544698715,0,0
11896,2360,-0.198319137096405,0.8898019194602966,-0.1180529594421387,0,0
11906,2361,-0.1945351660251617,0.8941958546638489,-0.1164659336209297,0,0
11907,2362,-0.1885526925325394,0.8937088251113892,-0.1156117394566536,0,0
11913,2363,-0.1901397258043289,0.8977355360984802,-0.1129262372851372,0,0
11917,2364,-0.1863557547330856,0.9038393497467041,-0.1132918745279312,0,0
11922,2365,-0.1839145421981812,0.9095759987831116,-0.1090193539857864,0,0
11926,2366,-0.1817175894975662,0.9121401309967041,-0.1052353903651238,0,0
11931,2367,-0.1824504286050797,0.9133599400520325,-0.1030384451150894,0,0
11936,2368,-0.1801305711269379,0.9111630320549011,-0.1013300567865372,0,0
11941,2369,-0.1817175894975662,0.9105530977249146,-0.1063338592648506,0,0
11946,2370,-0.1795206516981125,0.913604199886322,-0.1095079109072685,0,0
11956,2371,-0.1772007942199707,0.9176324605941773,-0.1156117394566536,0,0
11961,2372,-0.1781779080629349,0.9204409122467041,-0.1186628714203835,0,0
11966,2373,-0.179032102227211,0.9271546006202698,-0.1175644025206566,0,0
11970,2374,-0.1793977320194244,0.9309386014938355,-0.1237895861268044,0,0
11972,2375,-0.1791534572839737,0.9382622838020325,-0.1265964508056641,0,0
11977,2376,-0.1774450689554215,0.9459515810012817,-0.1245224177837372,0,0
11982,2377,-0.1756137758493424,0.9508355259895325,-0.118539959192276,0,0
11987,2378,-0.1767122447490692,0.9538866877555847,-0.1137804314494133,0,0
11992,2379,-0.1731725484132767,0.9546195268630981,-0.1130475997924805,0,0
11997,2380,-0.1708542406558991,0.9585248231887817,-0.1121934056282044,0,0
12004,2381,-0.1748824864625931,0.9540080428123474,-0.1121934056282044,0,0
12007,2382,-0.1743939369916916,0.9476615190505981,-0.1106063798069954,0,0
12013,2383,-0.1734168231487274,0.9465630054473877,-0.1071880534291267,0,0
12020,2384,-0.1721969991922379,0.944121778011322,-0.1079208850860596,0,0
12022,2385,-0.1734168231487274,0.9403378367424011,-0.1093849912285805,0,0
12027,2386,-0.1728069186210632,0.9349668622016907,-0.1081651598215103,0,0
12032,2387,-0.1751252114772797,0.9304500222206116,-0.1041369140148163,0,0
12037,2388,-0.1781779080629349,0.9289859533309937,-0.1073109656572342,0,0
12042,2389,-0.177079439163208,0.923247754573822,-0.1096292734146118,0,0
12048,2390,-0.1778107136487961,0.9233706593513489,-0.1064567714929581,0,0
12055,2391,-0.1823275089263916,0.9222722053527832,-0.1054796651005745,0,0
12062,2392,-0.1861114799976349,0.9167782664299011,-0.1045025512576103,0,0
12067,2393,-0.1868443191051483,0.9170225858688355,-0.1099964678287506,0,0
12075,2394,-0.1901397258043289,0.918243944644928,-0.1153674572706223,0,0
12075,2395,-0.1900183707475662,0.9164126515388489,-0.1196399852633476,0,0
12078,2396,-0.1900183707475662,0.9144600033760071,-0.1236666738986969,0,0
12083,2397,-0.1897740811109543,0.9139714241027832,-0.1178086772561073,0,0
12088,2398,-0.1917267441749573,0.9109187126159668,-0.1176857650279999,0,0
12093,2399,-0.1925809383392334,0.9118958115577698,-0.1246437802910805,0,0
12102,2400,-0.1917267441749573,0.9121401309967041,-0.1245224177837372,0,0
12107,2401,-0.1949008107185364,0.9221493005752564,-0.1250094175338745,0,0
12112,2402,-0.1946565210819244,0.9236149191856384,-0.1248880624771118,0,0
12116,2403,-0.1930695027112961,0.927885890007019,-0.1256208866834641,0,0
12118,2404,-0.196243554353714,0.930205762386322,-0.1200056225061417,0,0
12123,2405,-0.1949008107185364,0.9326469898223877,-0.1218369230628014,0,0
12128,2406,-0.1963649094104767,0.9343553781509399,-0.127817839384079,0,0
12133,2407,-0.1938023269176483,0.9342340230941773,-0.1292819380760193,0,0
12139,2408,-0.1936794221401215,0.9328912496566773,-0.1327002793550491,0,0
12145,2409,-0.1950221657752991,0.9314271807670593,-0.1303804218769074,0,0
12152,2410,-0.1929481327533722,0.9327698945999146,-0.1280621141195297,0,0
12158,2411,-0.1895298063755035,0.9383836388587952,-0.1240338683128357,0,0
12163,2412,-0.1889198869466782,0.9409477710723877,-0.1209827288985252,0,0
12168,2413,-0.1898954510688782,0.9365538954734802,-0.1169544830918312,0,0
12168,2414,-0.1897740811109543,0.9359424114227295,-0.1154888197779656,0,0
12174,2415,-0.1889198869466782,0.9326469898223877,-0.1134132370352745,0,0
12179,2416,-0.1851359307765961,0.9341126680374146,-0.1195170655846596,0,0
12183,2417,-0.1852572858333588,0.9322813153266907,-0.1202498972415924,0,0
12189,2418,-0.1861114799976349,0.9316698908805847,-0.1162216514348984,0,0
12194,2419,-0.1859901249408722,0.9291073083877564,-0.1184185966849327,0,0
12203,2420,-0.1806191205978394,0.9275202751159668,-0.1207384541630745,0,0
12209,2421,-0.1800092160701752,0.9221493005752564,-0.1170758455991745,0,0
12209,2422,-0.1775679886341095,0.9250790476799011,-0.1147559881210327,0,0
12214,2423,-0.1759809702634811,0.9230034947395325,-0.1106063798069954,0,0
12219,2424,-0.1723183542490006,0.9231263995170593,-0.1084094420075417,0,0
12224,2425,-0.1714641600847244,0.9253233075141907,-0.1079208850860596,0,0
12229,2426,-0.1691443026065826,0.9294729232788086,-0.1146346256136894,0,0
12234,2427,-0.1719527244567871,0.9308156967163086,-0.1130475997924805,0,0
12239,2428,-0.1702427715063095,0.9333798289299011,-0.1154888197779656,0,0
12246,2429,-0.173051193356514,0.9344782829284668,-0.1170758455991745,0,0
12252,2430,-0.1731725484132767,0.9350882172584534,-0.1197613403201103,0,0
12256,2431,-0.1715855300426483,0.9320370554924011,-0.1250094175338745,0,0
12259,2432,-0.1687786728143692,0.928862988948822,-0.1243995055556297,0,0
12264,2433,-0.1687786728143692,0.9299615025520325,-0.1220812052488327,0,0
12269,2434,-0.1685343831777573,0.9282531142234802,-0.1123147681355476,0,0
12274,2435,-0.1757366806268692,0.9324027299880981,-0.1085307970643044,0,0
12279,2436,-0.1742710173130035,0.932525634765625,-0.1060895770788193,0,0
12284,2437,-0.1775679886341095,0.9338683485984802,-0.1054796651005745,0,0
12290,2438,-0.17695651948452,0.9360653162002564,-0.1068224161863327,0,0
12299,2439,-0.1928252279758453,0.9374080896377564,-0.1213483661413193,0,0
12305,2440,-0.1647504270076752,0.9418019652366638,-0.1021842509508133,0,0
12312,2441,-0.1553511768579483,0.9483942985534668,-0.08009035885334015,0,0
12313,2442,-0.182937428355217,0.9521782994270325,-0.08997660130262375,0,0
12318,2443,-0.1840374618768692,0.9491255879402161,-0.09986439347267151,0,0
12320,2444,-0.1802534908056259,0.9463187456130981,-0.1066994965076447,0,0
12325,2445,-0.181107684969902,0.9432675838470459,-0.1037712767720223,0,0
12330,2446,-0.1802534908056259,0.9414362907409668,-0.1008414998650551,0,0
12334,2447,-0.1793977320194244,0.9352111220359802,-0.1012071445584297,0,0
12341,2448,-0.1822061538696289,0.9338683485984802,-0.09998731315135956,0,0
12350,2449,-0.1757366806268692,0.9330126047134399,-0.09644605964422226,0,0
12350,2450,-0.175003856420517,0.9335011839866638,-0.09888727962970734,0,0
12355,2451,-0.1729282736778259,0.9335011839866638,-0.09998731315135956,0,0
12360,2452,-0.1701214164495468,0.9378966093063355,-0.09937583655118942,0,0
12365,2453,-0.1702427715063095,0.9341126680374146,-0.1041369140148163,0,0
12370,2454,-0.1697557717561722,0.9314271807670593,-0.1046254709362984,0,0
12375,2455,-0.1663374453783035,0.9304500222206116,-0.1098735481500626,0,0
12380,2456,-0.1663374453783035,0.927885890007019,-0.1112162992358208,0,0
12385,2457,-0.1631633937358856,0.9263004064559937,-0.1115834936499596,0,0
12390,2458,-0.1614550054073334,0.9226378202438355,-0.1069437712430954,0,0
12396,2459,-0.1636519432067871,0.9241019487380981,-0.1030384451150894,0,0
12400,2460,-0.1602336168289185,0.9272760152816773,-0.1005972251296043,0,0
12409,2461,-0.1615763753652573,0.9260561466217041,-0.09913156181573868,0,0
12410,2462,-0.1610878109931946,0.9280087947845459,-0.1014514192938805,0,0
12415,2463,-0.1648717820644379,0.9299615025520325,-0.1106063798069954,0,0
12420,2464,-0.1657275259494782,0.9343553781509399,-0.1092636361718178,0,0
12425,2465,-0.1640175879001617,0.934843897819519,-0.1075552478432655,0,0
12430,2466,-0.1640175879001617,0.9392393827438355,-0.1056010276079178,0,0
12436,2467,-0.1675572842359543,0.9393607378005981,-0.1093849912285805,0,0
12444,2468,-0.1712198853492737,0.9353324770927429,-0.1121934056282044,0,0
12452,2469,-0.1721969991922379,0.9343553781509399,-0.1162216514348984,0,0
12459,2470,-0.1719527244567871,0.934843897819519,-0.1157330945134163,0,0
12459,2471,-0.1765908747911453,0.9303271174430847,-0.1168315708637238,0,0
12465,2472,-0.1756137758493424,0.9321584105491638,-0.1189071461558342,0,0
12467,2473,-0.1754924058914185,0.9332569241523743,-0.1157330945134163,0,0
12471,2474,-0.1776893436908722,0.9297171831130981,-0.1134132370352745,0,0
12476,2475,-0.175003856420517,0.9293515682220459,-0.1162216514348984,0,0
12481,2476,-0.173051193356514,0.9281302094459534,-0.1176857650279999,0,0
12486,2477,-0.177079439163208,0.9326469898223877,-0.1145132631063461,0,0
12497,2478,-0.1751252114772797,0.9322813153266907,-0.1156117394566536,0,0
12497,2479,-0.1756137758493424,0.9308156967163086,-0.1129262372851372,0,0
12505,2480,-0.1775679886341095,0.9316698908805847,-0.1129262372851372,0,0
12514,2481,-0.1752481311559677,0.9269103407859802,-0.1081651598215103,0,0
12515,2482,-0.1785435378551483,0.9289859533309937,-0.1060895770788193,0,0
12516,2483,-0.1791534572839737,0.9286187291145325,-0.1043811962008476,0,0
12521,2484,-0.1796420216560364,0.9306943416595459,-0.1025498881936073,0,0
12526,2485,-0.1814733147621155,0.930205762386322,-0.1046254709362984,0,0
12570,2486,-0.1765908747911453,0.925567626953125,-0.1079208850860596,0,0
12571,2487,-0.1772007942199707,0.9280087947845459,-0.1060895770788193,0,0
12571,2488,-0.1782992631196976,0.9236149191856384,-0.1060895770788193,0,0
12571,2489,-0.1764679700136185,0.921904981136322,-0.1057239398360252,0,0
12571,2490,-0.1713412404060364,0.9209294319152832,-0.1023056134581566,0,0
12572,2491,-0.1740267425775528,0.9199523329734802,-0.1042582765221596,0,0
12572,2492,-0.1703656911849976,0.9241019487380981,-0.1041369140148163,0,0
12572,2493,-0.1692672222852707,0.9239805936813355,-0.1052353903651238,0,0
12572,2494,-0.1702427715063095,0.9247134327888489,-0.1031598076224327,0,0
12579,2495,-0.1659702509641647,0.9248347878456116,-0.1075552478432655,0,0
12600,2496,-0.1708542406558991,0.9271546006202698,-0.1081651598215103,0,0
12601,2497,-0.1704870462417603,0.9236149191856384,-0.1086537167429924,0,0
12601,2498,-0.167801558971405,0.928862988948822,-0.1093849912285805,0,0
12601,2499,-0.165848895907402,0.9326469898223877,-0.1141460686922073,0,0
12605,2500,-0.1659702509641647,0.937529444694519,-0.1167102083563805,0,0
12609,2501,-0.167070284485817,0.9367981553077698,-0.118539959192276,0,0
12613,2502,-0.1613320857286453,0.9402149319648743,-0.1190285086631775,0,0
12620,2503,-0.1616992801427841,0.9422904849052429,-0.1151231825351715,0,0
12624,2504,-0.1615763753652573,0.9460744857788086,-0.1099964678287506,0,0
12637,2505,-0.1603565365076065,0.9463187456130981,-0.1086537167429924,0,0
12638,2506,-0.159867987036705,0.9483942985534668,-0.1079208850860596,0,0
12639,2507,-0.1603565365076065,0.9460744857788086,-0.1088979914784432,0,0
12643,2508,-0.1586465984582901,0.9452202916145325,-0.1063338592648506,0,0
12647,2509,-0.1601122617721558,0.9469286799430847,-0.1092636361718178,0,0
12652,2510,-0.1607221812009811,0.9449759721755981,-0.1085307970643044,0,0
12660,2511,-0.1603565365076065,0.9452202916145325,-0.1091422736644745,0,0
12664,2512,-0.1608435362577438,0.9413133859634399,-0.1114605739712715,0,0
12667,2513,-0.1634076684713364,0.9400935769081116,-0.1126819625496864,0,0
12672,2514,-0.1634076684713364,0.9393607378005981,-0.1128033250570297,0,0
12677,2515,-0.1612107306718826,0.9372851252555847,-0.1160987392067909,0,0
12684,2516,-0.1601122617721558,0.9347225427627564,-0.1170758455991745,0,0
12687,2517,-0.1596236974000931,0.9363095760345459,-0.1190285086631775,0,0
12693,2518,-0.1593794226646423,0.9359424114227295,-0.1174414828419685,0,0
12701,2519,-0.1574267596006393,0.9352111220359802,-0.1102407425642014,0,0
12705,2520,-0.1570595651865006,0.9377737045288086,-0.1088979914784432,0,0
12709,2521,-0.1570595651865006,0.936186671257019,-0.1084094420075417,0,0
12713,2522,-0.1571824848651886,0.9398492574691773,-0.1097521856427193,0,0
12718,2523,-0.1586465984582901,0.9397263526916504,-0.1041369140148163,0,0
12723,2524,-0.161820650100708,0.9403378367424011,-0.1068224161863327,0,0
12729,2525,-0.159867987036705,0.9453416466712952,-0.1106063798069954,0,0
12733,2526,-0.1610878109931946,0.947294294834137,-0.1106063798069954,0,0
12738,2527,-0.1630420386791229,0.9466843605041504,-0.1104850172996521,0,0
12746,2528,-0.1630420386791229,0.9512012004852295,-0.1095079109072685,0,0
12750,2529,-0.1654832512140274,0.9507126212120056,-0.1134132370352745,0,0
12754,2530,-0.1674359142780304,0.948637068271637,-0.1147559881210327,0,0
12758,2531,-0.1687786728143692,0.9463187456130981,-0.1190285086631775,0,0
12765,2532,-0.1662145256996155,0.9459515810012817,-0.1171972081065178,0,0
12768,2533,-0.1664588004350662,0.944121778011322,-0.1213483661413193,0,0
12773,2534,-0.163773313164711,0.9427790641784668,-0.1214697286486626,0,0
12779,2535,-0.1607221812009811,0.9396049976348877,-0.1192727908492088,0,0
12785,2536,-0.1591351479291916,0.9388721585273743,-0.1228124797344208,0,0
12790,2537,-0.159745067358017,0.936186671257019,-0.1212254539132118,0,0
12795,2538,-0.1560840159654617,0.9320370554924011,-0.1236666738986969,0,0
12799,2539,-0.1573038399219513,0.9277645349502564,-0.1252536922693253,0,0
12806,2540,-0.1554740965366364,0.9271546006202698,-0.1270850002765656,0,0
12810,2541,-0.1563282907009125,0.9291073083877564,-0.1273292750120163,0,0
12815,2542,-0.1542527079582214,0.9247134327888489,-0.1228124797344208,0,0
12819,2543,-0.1571824848651886,0.9234920144081116,-0.1170758455991745,0,0
12824,2544,-0.1570595651865006,0.9222722053527832,-0.1192727908492088,0,0
12831,2545,-0.1614550054073334,0.9215393662452698,-0.131846085190773,0,0
12836,2546,-0.1640175879001617,0.9212951064109802,-0.1273292750120163,0,0
12839,2547,-0.1654832512140274,0.9258118867874146,-0.1247666999697685,0,0
12844,2548,-0.1667030900716782,0.9265431761741638,-0.1242781430482864,0,0
12852,2549,-0.1703656911849976,0.9283744692802429,-0.1257422566413879,0,0
12856,2550,-0.1704870462417603,0.9313042163848877,-0.1224468424916267,0,0
12860,2551,-0.1743939369916916,0.929228663444519,-0.1240338683128357,0,0
12864,2552,-0.1752481311559677,0.9335011839866638,-0.1213483661413193,0,0
12869,2553,-0.1831817030906677,0.9313042163848877,-0.1234239488840103,0,0
12876,2554,-0.1851359307765961,0.9304500222206116,-0.1268407255411148,0,0
12881,2555,-0.1894068866968155,0.9322813153266907,-0.1306246966123581,0,0
12884,2556,-0.1928252279758453,0.9297171831130981,-0.1301376968622208,0,0
12889,2557,-0.1972206681966782,0.9294729232788086,-0.1311132460832596,0,0
12896,2558,-0.1967321038246155,0.9305713772773743,-0.1305033266544342,0,0
12901,2559,-0.200271800160408,0.9304500222206116,-0.127573549747467,0,0
12905,2560,-0.2034458518028259,0.9289859533309937,-0.1279391944408417,0,0
12909,2561,-0.2057641595602036,0.9245904684066773,-0.125865176320076,0,0
12914,2562,-0.2084496468305588,0.9259332418441773,-0.1187842339277268,0,0
12921,2563,-0.2126008123159409,0.9217836260795593,-0.1126819625496864,0,0
12926,2564,-0.2169947028160095,0.9210507869720459,-0.1123147681355476,0,0
12931,2565,-0.2108908742666245,0.9166569113731384,-0.1131705194711685,0,0
12934,2566,-0.2119893431663513,0.9220278859138489,-0.1132918745279312,0,0
12942,2567,-0.2187030762434006,0.922882080078125,-0.1148789077997208,0,0
12946,2568,-0.2136992812156677,0.9215393662452698,-0.120126985013485,0,0
12950,2569,-0.2163847833871841,0.9212951064109802,-0.1174414828419685,0,0
12957,2570,-0.2161405086517334,0.9216607213020325,-0.1207384541630745,0,0
12960,2571,-0.2133320868015289,0.9177553653717041,-0.1239109486341476,0,0
12966,2572,-0.2118679732084274,0.9204409122467041,-0.1197613403201103,0,0
12970,2573,-0.2080840170383453,0.9230034947395325,-0.1176857650279999,0,0
12975,2574,-0.2055198699235916,0.9225149154663086,-0.1197613403201103,0,0
12980,2575,-0.2018588185310364,0.9248347878456116,-0.1193957030773163,0,0
12987,2576,-0.2066183388233185,0.9291073083877564,-0.1181743144989014,0,0
12992,2577,-0.2006374299526215,0.9264218211174011,-0.1193957030773163,0,0
12996,2578,-0.1999046057462692,0.9226378202438355,-0.118539959192276,0,0
13000,2579,-0.1966091841459274,0.9233706593513489,-0.1135361567139626,0,0
13007,2580,-0.1935580521821976,0.9230034947395325,-0.1108506619930267,0,0
13011,2581,-0.19221530854702,0.9212951064109802,-0.1143903508782387,0,0
13015,2582,-0.1912381947040558,0.9243462085723877,-0.1179300397634506,0,0
13020,2583,-0.1912381947040558,0.9236149191856384,-0.1150002628564835,0,0
13025,2584,-0.1914824694395065,0.9236149191856384,-0.1176857650279999,0,0
13032,2585,-0.1908725649118424,0.928862988948822,-0.1247666999697685,0,0
13038,2586,-0.190993919968605,0.9270316958427429,-0.1291605830192566,0,0
13042,2587,-0.1901397258043289,0.9291073083877564,-0.1302590519189835,0,0
13045,2588,-0.188065692782402,0.9294729232788086,-0.1296491324901581,0,0
13053,2589,-0.1891641765832901,0.9319141507148743,-0.1295262277126312,0,0
13057,2590,-0.1920923888683319,0.9306943416595459,-0.1292819380760193,0,0
13060,2591,-0.1925809383392334,0.931548535823822,-0.1320903599262238,0,0
13065,2592,-0.1894068866968155,0.9328912496566773,-0.1295262277126312,0,0
13072,2593,-0.1936794221401215,0.9295958280563355,-0.1234239488840103,0,0
13078,2594,-0.1949008107185364,0.9316698908805847,-0.124155230820179,0,0
13083,2595,-0.1914824694395065,0.9313042163848877,-0.1248880624771118,0,0
13088,2596,-0.1938023269176483,0.9294729232788086,-0.1254979819059372,0,0
13091,2597,-0.1952664405107498,0.9281302094459534,-0.1212254539132118,0,0
13099,2598,-0.1946565210819244,0.9261775016784668,-0.1214697286486626,0,0
13103,2599,-0.1959992796182632,0.9254446625709534,-0.1209827288985252,0,0
13108,2600,-0.1964878290891647,0.925567626953125,-0.1193957030773163,0,0
13111,2601,-0.2014916241168976,0.9247134327888489,-0.118539959192276,0,0
13116,2602,-0.2035672068595886,0.9243462085723877,-0.1186628714203835,0,0
13124,2603,-0.2057641595602036,0.9225149154663086,-0.1234239488840103,0,0
13128,2604,-0.2055198699235916,0.9205622673034668,-0.1248880624771118,0,0
13131,2605,-0.2049099653959274,0.9215393662452698,-0.1261094510555267,0,0
13136,2606,-0.2051542401313782,0.9184882044792175,-0.1302590519189835,0,0
13141,2607,-0.206252709031105,0.9165340065956116,-0.1286720335483551,0,0
13148,2608,-0.2063740640878677,0.9193423986434937,-0.1309918910264969,0,0
13153,2609,-0.2069855332374573,0.9173882007598877,-0.1308689713478088,0,0
13156,2610,-0.2047885954380035,0.9222722053527832,-0.1306246966123581,0,0
13161,2611,-0.2046656757593155,0.9237362742424011,-0.1292819380760193,0,0
13169,2612,-0.2024687379598618,0.921904981136322,-0.1281834691762924,0,0
13174,2613,-0.2030786573886871,0.9238576889038086,-0.124155230820179,0,0
13177,2614,-0.2050328701734543,0.924224853515625,-0.1263521760702133,0,0
13182,2615,-0.2025900930166245,0.9208065271377564,-0.1307476162910461,0,0
13186,2616,-0.2005160748958588,0.9231263995170593,-0.1265964508056641,0,0
13194,2617,-0.20014888048172,0.9248347878456116,-0.1272079199552536,0,0
13199,2618,-0.1986847668886185,0.9231263995170593,-0.1300147771835327,0,0
13203,2619,-0.1955107152462006,0.9225149154663086,-0.1269636452198029,0,0
13207,2620,-0.1956336349248886,0.9231263995170593,-0.1228124797344208,0,0
13214,2621,-0.1935580521821976,0.923247754573822,-0.1218369230628014,0,0
13217,2622,-0.1957549899816513,0.9245904684066773,-0.1234239488840103,0,0
13223,2623,-0.1963649094104767,0.9249576926231384,-0.1226911172270775,0,0
13228,2624,-0.1938023269176483,0.9267874360084534,-0.1270850002765656,0,0
13235,2625,-0.194290891289711,0.9264218211174011,-0.1296491324901581,0,0
13239,2626,-0.1961206346750259,0.9254446625709534,-0.1329445540904999,0,0
13243,2627,-0.1931924223899841,0.9269103407859802,-0.1292819380760193,0,0
13247,2628,-0.1933137774467468,0.9247134327888489,-0.1256208866834641,0,0
13255,2629,-0.1934351325035095,0.9216607213020325,-0.1228124797344208,0,0
13257,2630,-0.1913611143827438,0.9249576926231384,-0.1269636452198029,0,0
13262,2631,-0.1944122463464737,0.9273989200592041,-0.1273292750120163,0,0
13267,2632,-0.1892855316400528,0.9283744692802429,-0.1285506635904312,0,0
13272,2633,-0.1894068866968155,0.930205762386322,-0.1267193704843521,0,0
13280,2634,-0.188065692782402,0.9261775016784668,-0.1261094510555267,0,0
13284,2635,-0.1903840005397797,0.9265431761741638,-0.1251323372125626,0,0
13288,2636,-0.1889198869466782,0.9303271174430847,-0.1245224177837372,0,0
13293,2637,-0.1867229491472244,0.9275202751159668,-0.1257422566413879,0,0
13300,2638,-0.1842801719903946,0.9270316958427429,-0.1264750808477402,0,0
13302,2639,-0.1836702674627304,0.9297171831130981,-0.127817839384079,0,0
13307,2640,-0.1872099488973618,0.9303271174430847,-0.1234239488840103,0,0
13316,2641,-0.1900183707475662,0.9264218211174011,-0.1226911172270775,0,0
13321,2642,-0.1874542236328125,0.9258118867874146,-0.1233010366559029,0,0
13323,2643,-0.1886756122112274,0.9221493005752564,-0.1234239488840103,0,0
13328,2644,-0.1931924223899841,0.923247754573822,-0.1247666999697685,0,0
13333,2645,-0.1950221657752991,0.9269103407859802,-0.1228124797344208,0,0
13340,2646,-0.1945351660251617,0.9272760152816773,-0.1252536922693253,0,0
13345,2647,-0.1952664405107498,0.9317927956581116,-0.1267193704843521,0,0
13349,2648,-0.1980748623609543,0.9327698945999146,-0.1274521946907044,0,0
13353,2649,-0.1950221657752991,0.9352111220359802,-0.125865176320076,0,0
13360,2650,-0.2007603496313095,0.9324027299880981,-0.1292819380760193,0,0
13363,2651,-0.2028343826532364,0.9281302094459534,-0.1251323372125626,0,0
13369,2652,-0.2014916241168976,0.9267874360084534,-0.1223254799842835,0,0
13373,2653,-0.1927038580179215,0.9227591753005981,-0.1235453113913536,0,0
13381,2654,-0.1961206346750259,0.9297171831130981,-0.1222025603055954,0,0
13385,2655,-0.1939236968755722,0.9264218211174011,-0.1272079199552536,0,0
13389,2656,-0.1956336349248886,0.9245904684066773,-0.1311132460832596,0,0
13395,2657,-0.1933137774467468,0.9260561466217041,-0.1265964508056641,0,0
13401,2658,-0.1917267441749573,0.925567626953125,-0.127817839384079,0,0
13403,2659,-0.1929481327533722,0.922882080078125,-0.1239109486341476,0,0
13408,2660,-0.1928252279758453,0.925567626953125,-0.1181743144989014,0,0
13413,2661,-0.19221530854702,0.919586718082428,-0.1206155344843864,0,0
13422,2662,-0.1934351325035095,0.9190981388092041,-0.1198827028274536,0,0
13426,2663,-0.1947778910398483,0.9215393662452698,-0.1236666738986969,0,0
13430,2664,-0.194167971611023,0.9187309145927429,-0.1265964508056641,0,0
13434,2665,-0.1952664405107498,0.9226378202438355,-0.1300147771835327,0,0
13439,2666,-0.1938023269176483,0.9231263995170593,-0.1322117149829865,0,0
13445,2667,-0.1923366636037827,0.9249576926231384,-0.1286720335483551,0,0
13450,2668,-0.1953893601894379,0.9247134327888489,-0.1279391944408417,0,0
13454,2669,-0.1994176059961319,0.928862988948822,-0.1283063888549805,0,0
13459,2670,-0.2007603496313095,0.927885890007019,-0.1281834691762924,0,0
13466,2671,-0.1984404921531677,0.9273989200592041,-0.1284277439117432,0,0
13471,2672,-0.2044214010238648,0.9354553818702698,-0.1256208866834641,0,0
13475,2673,-0.2052755951881409,0.9358210563659668,-0.1302590519189835,0,0
13479,2674,-0.2040557712316513,0.9297171831130981,-0.1295262277126312,0,0
13487,2675,-0.2072298228740692,0.9283744692802429,-0.127817839384079,0,0
13491,2676,-0.2038114815950394,0.9305713772773743,-0.1225681975483894,0,0
13495,2677,-0.204177126288414,0.9283744692802429,-0.1228124797344208,0,0
13499,2678,-0.2036901265382767,0.9275202751159668,-0.1231796741485596,0,0
13504,2679,-0.2017359137535095,0.9253233075141907,-0.1237895861268044,0,0
13511,2680,-0.2039328515529633,0.9256889820098877,-0.1223254799842835,0,0
13516,2681,-0.2050328701734543,0.9244691133499146,-0.1225681975483894,0,0
13519,2682,-0.2088168412446976,0.9245904684066773,-0.1247666999697685,0,0
13525,2683,-0.2073511779308319,0.9241019487380981,-0.1246437802910805,0,0
13532,2684,-0.2086939215660095,0.9253233075141907,-0.1254979819059372,0,0
13536,2685,-0.20747409760952,0.9187309145927429,-0.1252536922693253,0,0
13541,2686,-0.2064969837665558,0.9217836260795593,-0.1291605830192566,0,0
13548,2687,-0.2071069031953812,0.9194637537002564,-0.1280621141195297,0,0
13550,2688,-0.2088168412446976,0.9198309779167175,-0.1267193704843521,0,0
13556,2689,-0.2086939215660095,0.9184882044792175,-0.1248880624771118,0,0
13559,2690,-0.2063740640878677,0.919586718082428,-0.1228124797344208,0,0
13565,2691,-0.2078397274017334,0.918243944644928,-0.1217140108346939,0,0
13570,2692,-0.2079610973596573,0.9167782664299011,-0.1208598166704178,0,0
13578,2693,-0.2039328515529633,0.916901171207428,-0.1213483661413193,0,0
13581,2694,-0.2035672068595886,0.9184882044792175,-0.1257422566413879,0,0
13585,2695,-0.2024687379598618,0.9170225858688355,-0.1224468424916267,0,0
13592,2696,-0.2006374299526215,0.9209294319152832,-0.1200056225061417,0,0
13595,2697,-0.1994176059961319,0.9210507869720459,-0.1181743144989014,0,0
13601,2698,-0.1989290565252304,0.9222722053527832,-0.1168315708637238,0,0
13605,2699,-0.1996618807315826,0.9204409122467041,-0.1186628714203835,0,0
13610,2700,-0.2028343826532364,0.9260561466217041,-0.1186628714203835,0,0
13615,2701,-0.2028343826532364,0.9260561466217041,-0.1176857650279999,0,0
13621,2702,-0.2032015770673752,0.9244691133499146,-0.1195170655846596,0,0
13625,2703,-0.2024687379598618,0.9259332418441773,-0.1193957030773163,0,0
13631,2704,-0.1988061368465424,0.9258118867874146,-0.1211040914058685,0,0
13635,2705,-0.1985618621110916,0.931182861328125,-0.1186628714203835,0,0
13641,2706,-0.1999046057462692,0.9324027299880981,-0.118539959192276,0,0
13645,2707,-0.1958779096603394,0.9320370554924011,-0.1193957030773163,0,0
13650,2708,-0.1968534737825394,0.9327698945999146,-0.1175644025206566,0,0
13656,2709,-0.1977076679468155,0.9294729232788086,-0.1162216514348984,0,0
13663,2710,-0.1955107152462006,0.9286187291145325,-0.1179300397634506,0,0
13667,2711,-0.1970977485179901,0.9273989200592041,-0.1217140108346939,0,0
13671,2712,-0.1952664405107498,0.925567626953125,-0.1178086772561073,0,0
13675,2713,-0.1917267441749573,0.9256889820098877,-0.1169544830918312,0,0
13681,2714,-0.1923366636037827,0.9272760152816773,-0.1197613403201103,0,0
13687,2715,-0.1892855316400528,0.9273989200592041,-0.1160987392067909,0,0
13692,2716,-0.1908725649118424,0.9309386014938355,-0.1184185966849327,0,0
13696,2717,-0.1930695027112961,0.9320370554924011,-0.1180529594421387,0,0
13701,2718,-0.1924595832824707,0.9327698945999146,-0.120126985013485,0,0
13708,2719,-0.1933137774467468,0.9333798289299011,-0.1189071461558342,0,0
13712,2720,-0.19221530854702,0.9297171831130981,-0.1193957030773163,0,0
13716,2721,-0.1933137774467468,0.9267874360084534,-0.1184185966849327,0,0
13721,2722,-0.1917267441749573,0.9281302094459534,-0.1158544570207596,0,0
13728,2723,-0.1920923888683319,0.9254446625709534,-0.1106063798069954,0,0
13733,2724,-0.1914824694395065,0.9227591753005981,-0.1092636361718178,0,0
13736,2725,-0.1908725649118424,0.9201965928077698,-0.1092636361718178,0,0
13741,2726,-0.1901397258043289,0.9198309779167175,-0.1106063798069954,0,0
13749,2727,-0.1912381947040558,0.9223935604095459,-0.1093849912285805,0,0
13751,2728,-0.1906282752752304,0.918243944644928,-0.1118277683854103,0,0
13756,2729,-0.1886756122112274,0.9214164614677429,-0.1152445450425148,0,0
13761,2730,-0.1890412569046021,0.9234920144081116,-0.1145132631063461,0,0
13769,2731,-0.190262645483017,0.9276431798934937,-0.1102407425642014,0,0
13774,2732,-0.1901397258043289,0.9298401474952698,-0.1104850172996521,0,0
13778,2733,-0.1934351325035095,0.927885890007019,-0.1117048487067223,0,0
13781,2734,-0.1923366636037827,0.9319141507148743,-0.1114605739712715,0,0
13786,2735,-0.1940466165542603,0.9316698908805847,-0.1108506619930267,0,0
13791,2736,-0.1930695027112961,0.9342340230941773,-0.1060895770788193,0,0
13796,2737,-0.1913611143827438,0.9347225427627564,-0.1057239398360252,0,0
13802,2738,-0.1919710338115692,0.9355767369270325,-0.1059682220220566,0,0
13810,2739,-0.1927038580179215,0.9353324770927429,-0.1099964678287506,0,0
13814,2740,-0.1924595832824707,0.9354553818702698,-0.1058453023433685,0,0
13819,2741,-0.1885526925325394,0.9365538954734802,-0.1054796651005745,0,0
13822,2742,-0.1892855316400528,0.9350882172584534,-0.1070666909217835,0,0
13827,2743,-0.1916053891181946,0.9355767369270325,-0.1088979914784432,0,0
13834,2744,-0.1928252279758453,0.9316698908805847,-0.1066994965076447,0,0
13838,2745,-0.1890412569046021,0.9308156967163086,-0.1098735481500626,0,0
13842,2746,-0.1873328685760498,0.9270316958427429,-0.1123147681355476,0,0
13847,2747,-0.188065692782402,0.9272760152816773,-0.1099964678287506,0,0
13854,2748,-0.1867229491472244,0.9266660809516907,-0.1086537167429924,0,0
13859,2749,-0.1833046227693558,0.929228663444519,-0.1080422475934029,0,0
13862,2750,-0.1840374618768692,0.931182861328125,-0.1054796651005745,0,0
13867,2751,-0.1846473664045334,0.9297171831130981,-0.1062124967575073,0,0
13872,2752,-0.1833046227693558,0.9335011839866638,-0.1059682220220566,0,0
13879,2753,-0.1842801719903946,0.9305713772773743,-0.1051140278577805,0,0
13884,2754,-0.1836702674627304,0.9314271807670593,-0.1053583025932312,0,0
13887,2755,-0.1804962009191513,0.9295958280563355,-0.1020613312721252,0,0
13892,2756,-0.1812290400266647,0.9291073083877564,-0.1013300567865372,0,0
13900,2757,-0.1804962009191513,0.9305713772773743,-0.102428525686264,0,0
13905,2758,-0.1782992631196976,0.9327698945999146,-0.1004743054509163,0,0
13907,2759,-0.1797649264335632,0.9291073083877564,-0.1019399762153626,0,0
13913,2760,-0.1792763769626617,0.9330126047134399,-0.1002300307154656,0,0
13920,2761,-0.1834259778261185,0.9337454438209534,-0.09876592457294464,0,0
13925,2762,-0.1812290400266647,0.931182861328125,-0.1029155254364014,0,0
13929,2763,-0.1814733147621155,0.931548535823822,-0.1013300567865372,0,0
13933,2764,-0.1825717836618424,0.9349668622016907,-0.1035270020365715,0,0
13938,2765,-0.1823275089263916,0.9339897036552429,-0.1045025512576103,0,0
13943,2766,-0.1834259778261185,0.931548535823822,-0.1045025512576103,0,0
13949,2767,-0.182937428355217,0.9326469898223877,-0.1031598076224327,0,0
13954,2768,-0.1837931722402573,0.9342340230941773,-0.1002300307154656,0,0
13961,2769,-0.1820832341909409,0.9360653162002564,-0.1034040823578835,0,0
13965,2770,-0.1778107136487961,0.9342340230941773,-0.1048697456717491,0,0
13969,2771,-0.1795206516981125,0.9363095760345459,-0.1031598076224327,0,0
13973,2772,-0.1781779080629349,0.9391164779663086,-0.1013300567865372,0,0
13978,2773,-0.1776893436908722,0.9364309310913086,-0.1023056134581566,0,0
13985,2774,-0.1774450689554215,0.9358210563659668,-0.1046254709362984,0,0
13988,2775,-0.1751252114772797,0.938506543636322,-0.1064567714929581,0,0
13993,2776,-0.1746382117271423,0.9366752505302429,-0.104015551507473,0,0
13998,2777,-0.1758580505847931,0.9342340230941773,-0.1066994965076447,0,0
14005,2778,-0.175003856420517,0.9364309310913086,-0.1029155254364014,0,0
14010,2779,-0.1764679700136185,0.9374080896377564,-0.1030384451150894,0,0
14014,2780,-0.1768351495265961,0.9372851252555847,-0.1052353903651238,0,0
14018,2781,-0.1747595816850662,0.932525634765625,-0.1042582765221596,0,0
14023,2782,-0.1731725484132767,0.9322813153266907,-0.1025498881936073,0,0
14030,2783,-0.1746382117271423,0.9342340230941773,-0.1059682220220566,0,0
14035,2784,-0.1723183542490006,0.9297171831130981,-0.1053583025932312,0,0
14039,2785,-0.1725626289844513,0.9314271807670593,-0.09986439347267151,0,0
14043,2786,-0.1732954680919647,0.931548535823822,-0.1002300307154656,0,0
14052,2787,-0.173051193356514,0.9310599565505981,-0.09791173040866852,0,0
14057,2788,-0.1737824678421021,0.9293515682220459,-0.1019399762153626,0,0
14062,2789,-0.1745152920484543,0.9310599565505981,-0.1003529503941536,0,0
14064,2790,-0.1745152920484543,0.9321584105491638,-0.1002300307154656,0,0
14072,2791,-0.1763466000556946,0.9331355094909668,-0.1030384451150894,0,0
14076,2792,-0.1761023253202438,0.9343553781509399,-0.1002300307154656,0,0
14080,2793,-0.1761023253202438,0.9347225427627564,-0.1001086682081223,0,0
14084,2794,-0.1729282736778259,0.9399706125259399,-0.1018170565366745,0,0
14089,2795,-0.1741496622562408,0.9394820928573608,-0.1035270020365715,0,0
14096,2796,-0.1759809702634811,0.9403378367424011,-0.09901019930839539,0,0
14101,2797,-0.1775679886341095,0.9410691261291504,-0.09424912184476852,0,0
14106,2798,-0.1757366806268692,0.9399706125259399,-0.09608042240142822,0,0
14110,2799,-0.1762252449989319,0.9421675801277161,-0.09815600514411926,0,0
14116,2800,-0.1752481311559677,0.9443660974502564,-0.09498195350170136,0,0
14120,2801,-0.1773237138986588,0.9476615190505981,-0.09107507020235062,0,0
14125,2802,-0.17695651948452,0.9455859065055847,-0.09315065294504166,0,0
14129,2803,-0.1764679700136185,0.9443660974502564,-0.09388348460197449,0,0
14134,2804,-0.1780549883842468,0.9452202916145325,-0.0933949276804924,0,0
14141,2805,-0.1773237138986588,0.9425348043441773,-0.09168653935194016,0,0
14144,2806,-0.1807404905557632,0.9426561594009399,-0.09400484710931778,0,0
14150,2807,-0.179032102227211,0.9450973868370056,-0.09327356517314911,0,0
14155,2808,-0.179032102227211,0.9399706125259399,-0.09412775933742523,0,0
14161,2809,-0.1803748458623886,0.9364309310913086,-0.09827736765146256,0,0
14165,2810,-0.1815946847200394,0.9358210563659668,-0.09400484710931778,0,0
14170,2811,-0.177079439163208,0.9374080896377564,-0.09510331600904465,0,0
14176,2812,-0.1761023253202438,0.9358210563659668,-0.09583614766597748,0,0
14180,2813,-0.1772007942199707,0.9363095760345459,-0.09864456206560135,0,0
14185,2814,-0.1767122447490692,0.9358210563659668,-0.09901019930839539,0,0
14190,2815,-0.1743939369916916,0.9369195103645325,-0.1015727818012238,0,0
14195,2816,-0.173051193356514,0.9366752505302429,-0.1019399762153626,0,0
14200,2817,-0.1713412404060364,0.9326469898223877,-0.1038926392793655,0,0
14206,2818,-0.1709756106138229,0.9331355094909668,-0.1059682220220566,0,0
14210,2819,-0.173051193356514,0.9326469898223877,-0.1014514192938805,0,0
14217,2820,-0.1709756106138229,0.9310599565505981,-0.102428525686264,0,0
14220,2821,-0.1742710173130035,0.9330126047134399,-0.1047468334436417,0,0
14226,2822,-0.1765908747911453,0.9304500222206116,-0.1075552478432655,0,0
14230,2823,-0.173051193356514,0.9293515682220459,-0.1113392114639282,0,0
14235,2824,-0.1729282736778259,0.928862988948822,-0.1114605739712715,0,0
14240,2825,-0.1742710173130035,0.9299615025520325,-0.1082865223288536,0,0
14247,2826,-0.1791534572839737,0.9303271174430847,-0.1041369140148163,0,0
14252,2827,-0.1743939369916916,0.9310599565505981,-0.1020613312721252,0,0
14256,2828,-0.175003856420517,0.9289859533309937,-0.1014514192938805,0,0
14260,2829,-0.1786664575338364,0.9316698908805847,-0.09937583655118942,0,0
14267,2830,-0.1761023253202438,0.9309386014938355,-0.1063338592648506,0,0
14271,2831,-0.1774450689554215,0.9316698908805847,-0.1036483645439148,0,0
14275,2832,-0.1772007942199707,0.927885890007019,-0.1001086682081223,0,0
14280,2833,-0.180984765291214,0.9277645349502564,-0.1030384451150894,0,0
14285,2834,-0.1802534908056259,0.9273989200592041,-0.1042582765221596,0,0
14292,2835,-0.1807404905557632,0.9270316958427429,-0.1056010276079178,0,0
14296,2836,-0.1846473664045334,0.9281302094459534,-0.1064567714929581,0,0
14300,2837,-0.1841588169336319,0.9280087947845459,-0.1073109656572342,0,0
14306,2838,-0.1835488975048065,0.9259332418441773,-0.1096292734146118,0,0
14312,2839,-0.1815946847200394,0.9295958280563355,-0.1090193539857864,0,0
14316,2840,-0.1834259778261185,0.9281302094459534,-0.1071880534291267,0,0
14323,2841,-0.1817175894975662,0.9275202751159668,-0.1066994965076447,0,0
14326,2842,-0.1798862963914871,0.9283744692802429,-0.1025498881936073,0,0
14331,2843,-0.1785435378551483,0.9250790476799011,-0.1042582765221596,0,0
14337,2844,-0.1758580505847931,0.9270316958427429,-0.1057239398360252,0,0
14341,2845,-0.179032102227211,0.9270316958427429,-0.1035270020365715,0,0
14346,2846,-0.1802534908056259,0.9245904684066773,-0.1041369140148163,0,0
14351,2847,-0.1776893436908722,0.9233706593513489,-0.1036483645439148,0,0
14357,2848,-0.177079439163208,0.9304500222206116,-0.1049911081790924,0,0
14364,2849,-0.1768351495265961,0.9295958280563355,-0.1038926392793655,0,0
14368,2850,-0.1779336333274841,0.9321584105491638,-0.1034040823578835,0,0
14372,2851,-0.1778107136487961,0.9344782829284668,-0.1074323281645775,0,0
14377,2852,-0.1740267425775528,0.9364309310913086,-0.1069437712430954,0,0
14381,2853,-0.1724412739276886,0.937529444694519,-0.1063338592648506,0,0
14386,2854,-0.1724412739276886,0.9369195103645325,-0.1060895770788193,0,0
14393,2855,-0.1713412404060364,0.9381393194198608,-0.1030384451150894,0,0
14398,2856,-0.1687786728143692,0.9363095760345459,-0.1008414998650551,0,0
14403,2857,-0.1647504270076752,0.9367981553077698,-0.1009628623723984,0,0
14406,2858,-0.1651160567998886,0.9376523494720459,-0.09583614766597748,0,0
14412,2859,-0.1669473648071289,0.9358210563659668,-0.09730181097984314,0,0
14418,2860,-0.1663374453783035,0.9343553781509399,-0.09876592457294464,0,0
14422,2861,-0.1667030900716782,0.932525634765625,-0.09864456206560135,0,0
14427,2862,-0.1656046062707901,0.9324027299880981,-0.09486059099435806,0,0
14431,2863,-0.1632863134145737,0.9343553781509399,-0.09461631625890732,0,0
14436,2864,-0.1645061373710632,0.9328912496566773,-0.0966903418302536,0,0
14442,2865,-0.1652389764785767,0.9310599565505981,-0.09766744822263718,0,0
14448,2866,-0.1660931706428528,0.9360653162002564,-0.09925447404384613,0,0
14452,2867,-0.1673129945993424,0.9367981553077698,-0.09547051042318344,0,0
14457,2868,-0.1667030900716782,0.9332569241523743,-0.09730181097984314,0,0
14463,2869,-0.1691443026065826,0.9336240887641907,-0.09620334208011627,0,0
14467,2870,-0.1719527244567871,0.9327698945999146,-0.09278500825166702,0,0
14472,2871,-0.1721969991922379,0.9353324770927429,-0.09290637075901032,0,0
14477,2872,-0.1725626289844513,0.9370408654212952,-0.09131934493780136,0,0
14482,2873,-0.1703656911849976,0.9400935769081116,-0.09461631625890732,0,0
14487,2874,-0.1693885773420334,0.9425348043441773,-0.09510331600904465,0,0
14492,2875,-0.1731725484132767,0.9388721585273743,-0.09510331600904465,0,0
14497,2876,-0.1712198853492737,0.9387508034706116,-0.09400484710931778,0,0
14502,2877,-0.1719527244567871,0.9355767369270325,-0.0952262282371521,0,0
14510,2878,-0.1729282736778259,0.9337454438209534,-0.0933949276804924,0,0
14514,2879,-0.1717084348201752,0.936186671257019,-0.09656897932291031,0,0
14518,2880,-0.1747595816850662,0.9365538954734802,-0.09595906734466553,0,0
14522,2881,-0.1792763769626617,0.9367981553077698,-0.09534759074449539,0,0
14527,2882,-0.1796420216560364,0.9380179643630981,-0.09437204152345657,0,0
14535,2883,-0.1795206516981125,0.936186671257019,-0.09620334208011627,0,0
14538,2884,-0.1819618791341782,0.9333798289299011,-0.09290637075901032,0,0
14546,2885,-0.1820832341909409,0.9347225427627564,-0.09424912184476852,0,0
14551,2886,-0.1831817030906677,0.932525634765625,-0.09681325405836105,0,0
14555,2887,-0.1842801719903946,0.930205762386322,-0.09949875622987747,0,0
14559,2888,-0.1844030916690826,0.9316698908805847,-0.1005972251296043,0,0
14563,2889,-0.1839145421981812,0.9320370554924011,-0.1004743054509163,0,0
14570,2890,-0.1868443191051483,0.9294729232788086,-0.1007185876369476,0,0
14573,2891,-0.1885526925325394,0.931548535823822,-0.1016956940293312,0,0
14578,2892,-0.186965674161911,0.9324027299880981,-0.09937583655118942,0,0
14583,2893,-0.1872099488973618,0.9305713772773743,-0.1025498881936073,0,0
14590,2894,-0.1872099488973618,0.9328912496566773,-0.1012071445584297,0,0
14595,2895,-0.1859901249408722,0.9335011839866638,-0.1014514192938805,0,0
14599,2896,-0.1863557547330856,0.9324027299880981,-0.1001086682081223,0,0
14603,2897,-0.1856229305267334,0.9319141507148743,-0.09876592457294464,0,0
14611,2898,-0.1846473664045334,0.9291073083877564,-0.09888727962970734,0,0
14615,2899,-0.1851359307765961,0.9298401474952698,-0.1007185876369476,0,0
14619,2900,-0.1857458353042603,0.9263004064559937,-0.09901019930839539,0,0
14623,2901,-0.1852572858333588,0.924224853515625,-0.1016956940293312,0,0
14628,2902,-0.1823275089263916,0.9271546006202698,-0.1012071445584297,0,0
14635,2903,-0.1839145421981812,0.9275202751159668,-0.09962011873722076,0,0
14640,2904,-0.1824504286050797,0.9294729232788086,-0.1002300307154656,0,0
14643,2905,-0.1818389594554901,0.9314271807670593,-0.1007185876369476,0,0
14649,2906,-0.1840374618768692,0.932525634765625,-0.09717889875173569,0,0
14656,2907,-0.1845244467258453,0.934843897819519,-0.09778881072998047,0,0
14660,2908,-0.1847687363624573,0.9335011839866638,-0.09778881072998047,0,0
14665,2909,-0.1866000294685364,0.9342340230941773,-0.09681325405836105,0,0
14669,2910,-0.1891641765832901,0.9320370554924011,-0.09840027987957001,0,0
14673,2911,-0.1897740811109543,0.9300844073295593,-0.09717889875173569,0,0
14681,2912,-0.1883084177970886,0.9316698908805847,-0.09864456206560135,0,0
14686,2913,-0.1872099488973618,0.9276431798934937,-0.0966903418302536,0,0
14690,2914,-0.1853802055120468,0.9298401474952698,-0.09632470458745956,0,0
14695,2915,-0.185013011097908,0.9297171831130981,-0.09644605964422226,0,0
14702,2916,-0.1851359307765961,0.929228663444519,-0.09559187293052673,0,0
14706,2917,-0.1839145421981812,0.9297171831130981,-0.09717889875173569,0,0
14710,2918,-0.1806191205978394,0.9319141507148743,-0.09754609316587448,0,0
14714,2919,-0.180984765291214,0.9328912496566773,-0.09656897932291031,0,0
14719,2920,-0.1808633953332901,0.9335011839866638,-0.0970575362443924,0,0
14726,2921,-0.1803748458623886,0.9321584105491638,-0.09363920241594315,0,0
14729,2922,-0.1773237138986588,0.9328912496566773,-0.09205217659473419,0,0
14735,2923,-0.177079439163208,0.9341126680374146,-0.09498195350170136,0,0
14739,2924,-0.1756137758493424,0.9349668622016907,-0.1001086682081223,0,0
14744,2925,-0.1772007942199707,0.9327698945999146,-0.09742317348718643,0,0
14751,2926,-0.1748824864625931,0.9339897036552429,-0.09388348460197449,0,0
14756,2927,-0.1712198853492737,0.9349668622016907,-0.09571478515863419,0,0
14761,2928,-0.1708542406558991,0.9358210563659668,-0.09534759074449539,0,0
14765,2929,-0.1753694862127304,0.9349668622016907,-0.09534759074449539,0,0
14772,2930,-0.1763466000556946,0.9339897036552429,-0.09217509627342224,0,0
14775,2931,-0.1735397428274155,0.938506543636322,-0.09693461656570435,0,0
14779,2932,-0.1765908747911453,0.936186671257019,-0.0933949276804924,0,0
14785,2933,-0.1764679700136185,0.9345996379852295,-0.09461631625890732,0,0
14793,2934,-0.1803748458623886,0.937163770198822,-0.09888727962970734,0,0
14797,2935,-0.1793977320194244,0.9374080896377564,-0.0966903418302536,0,0
14802,2936,-0.1778107136487961,0.9353324770927429,-0.09205217659473419,0,0
14806,2937,-0.1791534572839737,0.9341126680374146,-0.09363920241594315,0,0
14810,2938,-0.1825717836618424,0.931548535823822,-0.08900104463100433,0,0
14815,2939,-0.1824504286050797,0.9328912496566773,-0.0915636271238327,0,0
14820,2940,-0.1802534908056259,0.9316698908805847,-0.0933949276804924,0,0
14827,2941,-0.182937428355217,0.9309386014938355,-0.0933949276804924,0,0
14833,2942,-0.1818389594554901,0.9332569241523743,-0.09534759074449539,0,0
14838,2943,-0.1814733147621155,0.9339897036552429,-0.09571478515863419,0,0
14842,2944,-0.1822061538696289,0.9354553818702698,-0.09754609316587448,0,0
14845,2945,-0.1844030916690826,0.9342340230941773,-0.09510331600904465,0,0
14850,2946,-0.1846473664045334,0.9319141507148743,-0.09656897932291031,0,0
14857,2947,-0.1831817030906677,0.9345996379852295,-0.09388348460197449,0,0
14862,2948,-0.1819618791341782,0.9370408654212952,-0.0915636271238327,0,0
14865,2949,-0.1826947033405304,0.9359424114227295,-0.09388348460197449,0,0
14870,2950,-0.1786664575338364,0.9345996379852295,-0.09656897932291031,0,0
14878,2951,-0.1778107136487961,0.9331355094909668,-0.09754609316587448,0,0
14882,2952,-0.1781779080629349,0.9352111220359802,-0.09888727962970734,0,0
14885,2953,-0.1822061538696289,0.9354553818702698,-0.1009628623723984,0,0
14891,2954,-0.1802534908056259,0.9355767369270325,-0.09864456206560135,0,0
14895,2955,-0.1815946847200394,0.9370408654212952,-0.09827736765146256,0,0
14902,2956,-0.1819618791341782,0.9358210563659668,-0.09815600514411926,0,0
14907,2957,-0.1812290400266647,0.9354553818702698,-0.09901019930839539,0,0
14911,2958,-0.180984765291214,0.9356980919837952,-0.1012071445584297,0,0
14915,2959,-0.1833046227693558,0.9352111220359802,-0.1016956940293312,0,0
14923,2960,-0.1842801719903946,0.9353324770927429,-0.09974303096532822,0,0
14928,2961,-0.1862343996763229,0.9353324770927429,-0.09974303096532822,0,0
14931,2962,-0.1848916411399841,0.9366752505302429,-0.1008414998650551,0,0
14936,2963,-0.1847687363624573,0.9331355094909668,-0.1009628623723984,0,0
14944,2964,-0.1851359307765961,0.9305713772773743,-0.09974303096532822,0,0
14948,2965,-0.1842801719903946,0.9304500222206116,-0.1003529503941536,0,0
14952,2966,-0.1856229305267334,0.9286187291145325,-0.09656897932291031,0,0
14956,2967,-0.1851359307765961,0.9243462085723877,-0.09473767876625061,0,0
14961,2968,-0.1839145421981812,0.9260561466217041,-0.0915636271238327,0,0
14966,2969,-0.1837931722402573,0.9280087947845459,-0.09473767876625061,0,0
14972,2970,-0.1822061538696289,0.9275202751159668,-0.09498195350170136,0,0
14976,2971,-0.1823275089263916,0.9287416338920593,-0.09412775933742523,0,0
14984,2972,-0.1841588169336319,0.9252004027366638,-0.09363920241594315,0,0
14989,2973,-0.183060348033905,0.9298401474952698,-0.09608042240142822,0,0
14993,2974,-0.183060348033905,0.9303271174430847,-0.09864456206560135,0,0
14997,2975,-0.1841588169336319,0.9313042163848877,-0.1029155254364014,0,0
15001,2976,-0.1823275089263916,0.9310599565505981,-0.09876592457294464,0,0
107,0,0.940673828125,-0.037353515625,0.4375,0,1
123,1,0.940673828125,-0.037353515625,0.4375,0,1
147,2,0.940673828125,-0.037353515625,0.4375,0,1
158,3,0.9345703125,-0.0478515625,0.453125,0,1
202,4,0.940673828125,-0.02685546875,0.41943359375,0,1
251,5,0.920166015625,-0.048095703125,0.4150390625,0,1
301,6,0.943603515625,-0.025390625,0.40625,0,1
349,7,0.93603515625,-0.024658203125,0.416015625,0,1
397,8,0.93310546875,-0.0283203125,0.405029296875,0,1
447,9,0.93359375,-0.037353515625,0.410400390625,0,1
495,10,0.933349609375,-0.035888671875,0.406005859375,0,1
546,11,0.9375,-0.034912109375,0.41064453125,0,1
593,12,0.935791015625,-0.038330078125,0.42333984375,0,1
642,13,0.921875,-0.033203125,0.407958984375,0,1
691,14,0.943359375,-0.0361328125,0.399169921875,0,1
788,15,0.915283203125,-0.034423828125,0.388671875,0,1
837,16,0.945556640625,-0.03369140625,0.404052734375,0,1
886,17,0.931396484375,-0.0390625,0.412109375,0,1
934,18,0.93896484375,-0.033935546875,0.407958984375,0,1
983,19,0.931640625,-0.0107421875,0.3994140625,0,1
1031,20,0.934814453125,-0.012451171875,0.393798828125,0,1
1080,21,0.9365234375,-0.02197265625,0.406494140625,0,1
1129,22,0.9326171875,-0.035400390625,0.396484375,0,1
1177,23,0.931884765625,-0.033203125,0.384765625,0,1
1227,24,0.930908203125,-0.021240234375,0.3984375,0,1
1275,25,0.94384765625,-0.01953125,0.39697265625,0,1
1323,26,0.91845703125,-0.013916015625,0.357177734375,0,1
1373,27,0.9169921875,-0.01513671875,0.345458984375,0,1
1421,28,0.956787109375,-0.008056640625,0.317626953125,0,1
1470,29,0.958984375,-0.000732421875,0.281494140625,0,1
1520,30,0.943115234375,-0.003662109375,0.2138671875,0,1
1567,31,0.93408203125,-0.005126953125,0.203369140625,0,1
1616,32,0.946044921875,0.020751953125,0.105224609375,0,1
1665,33,0.978271484375,0.0537109375,0.136474609375,0,1
1713,34,0.859619140625,0.051025390625,0.032470703125,0,1
1762,35,0.808349609375,0.015380859375,0.027587890625,0,1
1812,36,0.9287109375,0.070556640625,-0.091552734375,0,1
1860,37,0.873291015625,0.119873046875,-0.172607421875,0,1
1910,38,0.87109375,0.17431640625,-0.328857421875,0,1
1958,39,0.845458984375,0.20654296875,-0.35302734375,0,1
2007,40,0.857421875,0.21826171875,-0.499267578125,0,1
2056,41,0.782470703125,0.180908203125,-0.38037109375,0,1
2108,42,0.7001953125,0.13818359375,-0.51513671875,0,1
2155,43,0.66162109375,0.208984375,-0.568359375,0,1
2202,44,0.630615234375,0.244384765625,-0.54638671875,0,1
2252,45,0.6484375,0.232421875,-0.6328125,0,1
2304,46,0.59912109375,0.21875,-0.7138671875,0,1
2350,47,0.63720703125,0.14501953125,-0.603759765625,0,1
2397,48,0.671875,0.189697265625,-0.743408203125,0,1
2447,49,0.718505859375,0.140869140625,-0.74951171875,0,1
2494,50,0.787353515625,0.107421875,-0.75927734375,0,1
2545,51,0.755615234375,0.1328125,-0.902099609375,0,1
2594,52,0.807861328125,0.13916015625,-0.6904296875,0,1
2643,53,0.777587890625,0.219482421875,-0.671875,0,1
2738,54,0.6845703125,0.141845703125,-0.712890625,0,1
2787,55,0.76708984375,0.095947265625,-0.607666015625,0,1
2836,56,0.781005859375,0.09619140625,-0.5107421875,0,1
2883,57,0.848388671875,0.134033203125,-0.4111328125,0,1
2932,58,0.926513671875,0.088623046875,-0.30517578125,0,1
2981,59,0.954833984375,-0.015869140625,-0.285888671875,0,1
3030,60,1.045166015625,-0.11865234375,-0.173583984375,0,1
3078,61,1.43603515625,-0.272216796875,-0.348876953125,0,1
3128,62,2,-0.093994140625,0.272705078125,0,1
3180,63,1.15234375,0.024658203125,0.350341796875,0,1
3227,64,0.14794921875,0.159423828125,-0.032470703125,0,1
3275,65,0.338623046875,-0.003662109375,0.21484375,0,1
3323,66,0.919677734375,0.034912109375,0.5263671875,0,1
3375,67,1.239013671875,-0.006103515625,0.510986328125,0,1
3423,68,0.9833984375,-0.036376953125,0.464599609375,0,1
3472,69,0.985107421875,-0.073486328125,0.538818359375,0,1
3521,70,0.83349609375,-0.035400390625,0.52880859375,0,1
3573,71,0.788818359375,-0.004150390625,0.585205078125,0,1
3615,72,0.775390625,-0.018798828125,0.6123046875,0,1
3663,73,0.87255859375,0.030517578125,0.688720703125,0,1
3712,74,0.88671875,0.0751953125,0.707763671875,0,1
3763,75,0.765380859375,0.103515625,0.638671875,0,1
3810,76,0.78515625,0.11767578125,0.656982421875,0,1
3862,77,0.8017578125,0.117431640625,0.64892578125,0,1
3908,78,0.82275390625,0.14501953125,0.68017578125,0,1
3957,79,0.79443359375,0.140380859375,0.7099609375,0,1
4007,80,0.7880859375,0.136474609375,0.721435546875,0,1
4058,81,0.763671875,0.146484375,0.7158203125,0,1
4102,82,0.814697265625,0.09033203125,0.707275390625,0,1
4151,83,0.7373046875,0.028564453125,0.649169921875,0,1
4203,84,0.7568359375,-0.056396484375,0.643310546875,0,1
4250,85,0.875244140625,-0.104736328125,0.729736328125,0,1
4298,86,0.850830078125,-0.061279296875,0.724365234375,0,1
4347,87,0.68701171875,0.0224609375,0.703369140625,0,1
4395,88,0.718505859375,0.01904296875,0.70263671875,0,1
4444,89,0.7841796875,0.013427734375,0.751953125,0,1
4493,90,0.74658203125,0.066650390625,0.74267578125,0,1
4541,91,0.74853515625,0.083984375,0.734130859375,0,1
4591,92,0.7705078125,0.063232421875,0.734619140625,0,1
4688,93,0.771728515625,0.054443359375,0.720703125,0,1
4738,94,0.75,0.05029296875,0.718994140625,0,1
4788,95,0.7587890625,0.048583984375,0.71484375,0,1
4836,96,0.7587890625,0.0478515625,0.728515625,0,1
4884,97,0.7607421875,0.030517578125,0.741455078125,0,1
4933,98,0.75439453125,0.039794921875,0.71435546875,0,1
4983,99,0.77294921875,0.06640625,0.713134765625,0,1
5032,100,0.78515625,0.064453125,0.7353515625,0,1
5078,101,0.766357421875,0.064208984375,0.7138671875,0,1
5128,102,0.769287109375,0.04541015625,0.712158203125,0,1
5175,103,0.75830078125,0.04248046875,0.7177734375,0,1
5224,104,0.744873046875,0.04150390625,0.7265625,0,1
5273,105,0.772216796875,0.03955078125,0.7177734375,0,1
5322,106,0.769775390625,0.046142578125,0.712890625,0,1
5372,107,0.7431640625,0.046630859375,0.69970703125,0,1
5420,108,0.76904296875,0.043701171875,0.71923828125,0,1
5468,109,0.76611328125,0.040283203125,0.7373046875,0,1
5517,110,0.771728515625,0.042724609375,0.71923828125,0,1
5565,111,0.7666015625,0.052978515625,0.725341796875,0,1
5613,112,0.782958984375,0.065673828125,0.740478515625,0,1
5662,113,0.771240234375,0.06884765625,0.71875,0,1
5710,114,0.747802734375,0.06884765625,0.7353515625,0,1
5760,115,0.75927734375,0.045166015625,0.71142578125,0,1
5809,116,0.77294921875,0.04150390625,0.71435546875,0,1
5857,117,0.77001953125,0.046142578125,0.716064453125,0,1
5908,118,0.77099609375,0.0654296875,0.712158203125,0,1
5957,119,0.75,0.06396484375,0.715087890625,0,1
6005,120,0.767822265625,0.04541015625,0.724365234375,0,1
6055,121,0.768798828125,0.06396484375,0.712890625,0,1
6103,122,0.76171875,0.062744140625,0.730712890625,0,1
6152,123,0.7470703125,0.041748046875,0.711181640625,0,1
6199,124,0.76953125,0.045166015625,0.71142578125,0,1
6248,125,0.7626953125,0.064697265625,0.7158203125,0,1
6296,126,0.76806640625,0.066650390625,0.71484375,0,1
6345,127,0.76904296875,0.070068359375,0.714599609375,0,1
6394,128,0.781494140625,0.04345703125,0.73779296875,0,1
6443,129,0.749267578125,0.065673828125,0.7265625,0,1
6492,130,0.783203125,0.06298828125,0.735107421875,0,1
6541,131,0.7626953125,0.04345703125,0.717529296875,0,1
6590,132,0.746337890625,0.052734375,0.724853515625,0,1
6687,133,0.76904296875,0.044921875,0.716552734375,0,1
6735,134,0.78173828125,0.0673828125,0.71630859375,0,1
6784,135,0.759521484375,0.065673828125,0.723876953125,0,1
6836,136,0.77099609375,0.044921875,0.711181640625,0,1
6884,137,0.746337890625,0.052734375,0.70166015625,0,1
6933,138,0.749755859375,0.040283203125,0.703125,0,1
6980,139,0.782470703125,0.046630859375,0.723388671875,0,1
7029,140,0.74560546875,0.064697265625,0.719482421875,0,1
7078,141,0.768798828125,0.0634765625,0.713134765625,0,1
7129,142,0.774169921875,0.06689453125,0.72119140625,0,1
7175,143,0.755126953125,0.043701171875,0.724609375,0,1
7223,144,0.76171875,0.062744140625,0.73681640625,0,1
7273,145,0.787109375,0.044677734375,0.715576171875,0,1
7321,146,0.7431640625,0.0625,0.725341796875,0,1
7370,147,0.77099609375,0.064453125,0.723876953125,0,1
7417,148,0.763916015625,0.046142578125,0.7197265625,0,1
7467,149,0.767578125,0.04345703125,0.71240234375,0,1
7516,150,0.767333984375,0.070068359375,0.72119140625,0,1
7564,151,0.75,0.069091796875,0.717529296875,0,1
7613,152,0.749755859375,0.05810546875,0.712646484375,0,1
7661,153,0.7822265625,0.045166015625,0.715576171875,0,1
7710,154,0.7724609375,0.0419921875,0.71337890625,0,1
7764,155,0.74560546875,0.06591796875,0.73486328125,0,1
7810,156,0.7705078125,0.069091796875,0.7119140625,0,1
7856,157,0.767578125,0.044921875,0.712890625,0,1
7906,158,0.747802734375,0.0458984375,0.71240234375,0,1
7954,159,0.7685546875,0.045654296875,0.74169921875,0,1
8004,160,0.758056640625,0.04541015625,0.749267578125,0,1
8054,161,0.754638671875,0.045166015625,0.79638671875,0,1
8103,162,0.6748046875,0.029296875,0.823486328125,0,1
8151,163,0.548828125,0.077880859375,0.8984375,0,1
8202,164,0.7900390625,0.019287109375,0.83740234375,0,1
8253,165,0.82470703125,0.031982421875,0.867919921875,0,1
8296,166,0.803955078125,0.021240234375,0.73193359375,0,1
8346,167,0.80810546875,0.017333984375,0.6025390625,0,1
8395,168,0.875244140625,0.015869140625,0.489501953125,0,1
8443,169,0.866455078125,-0.0458984375,0.430908203125,0,1
8492,170,0.861572265625,-0.012451171875,0.30859375,0,1
8545,171,0.808837890625,0.09765625,0.2275390625,0,1
8639,172,0.94384765625,0.145263671875,0.16845703125,0,1
8687,173,0.892822265625,0.12548828125,0.021240234375,0,1
8737,174,1.049560546875,0.019775390625,-0.02392578125,0,1
8785,175,1.06591796875,-0.08740234375,-0.494140625,0,1
8835,176,1.21923828125,-0.00537109375,-0.72900390625,0,1
8881,177,1.313720703125,0.2001953125,-0.689453125,0,1
8929,178,1.033935546875,0.045654296875,-0.65087890625,0,1
8979,179,0.954345703125,-0.160400390625,-0.67041015625,0,1
9028,180,1.0322265625,-0.089599609375,-0.627197265625,0,1
9075,181,0.97265625,0.018798828125,-0.59423828125,0,1
9124,182,0.898193359375,0.030517578125,-0.5537109375,0,1
9173,183,0.84912109375,0.0361328125,-0.458740234375,0,1
9222,184,0.84326171875,0.0205078125,-0.431640625,0,1
9273,185,0.816650390625,0.00634765625,-0.277099609375,0,1
9321,186,0.888671875,0.0244140625,-0.385986328125,0,1
9367,187,0.869140625,0.0712890625,-0.302490234375,0,1
9416,188,0.879638671875,0.077880859375,-0.2626953125,0,1
9468,189,0.82421875,0.11767578125,-0.224853515625,0,1
9516,190,0.774169921875,0.222412109375,-0.095703125,0,1
9563,191,0.86669921875,0.281494140625,0.08251953125,0,1
9613,192,0.94091796875,0.276123046875,0.078857421875,0,1
9659,193,0.760009765625,0.216064453125,0.1103515625,0,1
9710,194,0.8037109375,0.1748046875,0.137939453125,0,1
9757,195,0.82177734375,0.137939453125,0.114013671875,0,1
9807,196,0.841064453125,0.09130859375,0.158447265625,0,1
9858,197,0.974365234375,-0.00244140625,0.098388671875,0,1
9904,198,1.160888671875,-0.128173828125,0.251708984375,0,1
9953,199,1.013916015625,-0.225830078125,0.19970703125,0,1
10002,200,0.862060546875,-0.207763671875,0.197509765625,0,1
10052,201,0.825439453125,-0.155029296875,0.220947265625,0,1
10103,202,1.01904296875,-0.257568359375,0.373291015625,0,1
10152,203,1.055419921875,-0.267822265625,0.238525390625,0,1
10198,204,0.92578125,-0.21142578125,0.340087890625,0,1
10247,205,0.9248046875,-0.189453125,0.405029296875,0,1
10295,206,0.87451171875,-0.172607421875,0.429443359375,0,1
10343,207,0.8798828125,-0.126220703125,0.44384765625,0,1
10393,208,0.86962890625,-0.056396484375,0.447509765625,0,1
10440,209,0.935302734375,-0.09423828125,0.511474609375,0,1
10490,210,0.90478515625,-0.11328125,0.466064453125,0,1
10588,211,0.87841796875,-0.1123046875,0.480712890625,0,1
10635,212,0.863525390625,-0.113525390625,0.44970703125,0,1
10684,213,0.908447265625,-0.1103515625,0.529052734375,0,1
10735,214,0.911865234375,-0.097900390625,0.50244140625,0,1
10785,215,0.9267578125,-0.12744140625,0.544677734375,0,1
10833,216,0.9130859375,-0.126708984375,0.526611328125,0,1
10879,217,0.891357421875,-0.095703125,0.52734375,0,1
10929,218,0.850830078125,-0.09423828125,0.52392578125,0,1
10977,219,0.893310546875,-0.057373046875,0.58251953125,0,1
11026,220,0.871826171875,-0.160400390625,0.569091796875,0,1
11074,221,0.865966796875,-0.142333984375,0.53515625,0,1
11124,222,0.855224609375,-0.071044921875,0.535400390625,0,1
11172,223,0.86669921875,-0.06884765625,0.523681640625,0,1
11220,224,0.91259765625,-0.064208984375,0.5478515625,0,1
11269,225,0.883544921875,-0.04296875,0.546630859375,0,1
11322,226,0.894775390625,-0.04833984375,0.564453125,0,1
11367,227,0.880859375,-0.060791015625,0.54296875,0,1
11419,228,0.878173828125,-0.0556640625,0.524658203125,0,1
11465,229,0.882080078125,-0.068603515625,0.52734375,0,1
11513,230,0.88818359375,-0.045654296875,0.515625,0,1
11562,231,0.888671875,-0.0673828125,0.51708984375,0,1
11611,232,0.91796875,-0.05859375,0.478271484375,0,1
11659,233,0.936767578125,-0.08544921875,0.481689453125,0,1
11709,234,0.927001953125,-0.06201171875,0.480224609375,0,1
11757,235,0.926025390625,-0.07373046875,0.505615234375,0,1
11807,236,0.866943359375,-0.077880859375,0.47021484375,0,1
11859,237,0.88623046875,-0.074951171875,0.464599609375,0,1
11903,238,0.9365234375,-0.0625,0.476806640625,0,1
11953,239,0.9296875,-0.06201171875,0.473876953125,0,1
12001,240,0.88671875,-0.0458984375,0.461669921875,0,1
12051,241,0.91845703125,-0.064453125,0.471923828125,0,1
12099,242,0.95849609375,-0.0703125,0.4716796875,0,1
12149,243,0.904296875,-0.062744140625,0.43212890625,0,1
12196,244,0.888427734375,-0.043701171875,0.449462890625,0,1
12244,245,0.90380859375,-0.065673828125,0.472412109375,0,1
12295,246,0.939453125,-0.02392578125,0.473388671875,0,1
12343,247,0.91796875,-0.06494140625,0.45703125,0,1
12393,248,0.92236328125,-0.071044921875,0.446044921875,0,1
12441,249,0.91796875,-0.046875,0.4375,0,1
12574,250,0.943115234375,-0.042724609375,0.453369140625,0,1
12612,251,0.927001953125,-0.051513671875,0.42822265625,0,1
12641,252,0.9384765625,-0.064697265625,0.396484375,0,1
12682,253,0.958740234375,-0.068115234375,0.35546875,0,1
12744,254,0.951416015625,-0.046630859375,0.3662109375,0,1
12788,255,0.97509765625,-0.026611328125,0.330078125,0,1
12834,256,0.98828125,-0.036376953125,0.32958984375,0,1
12879,257,0.950927734375,-0.02001953125,0.3134765625,0,1
12944,258,0.978271484375,-0.0029296875,0.289306640625,0,1
12990,259,0.978759765625,-0.00634765625,0.28466796875,0,1
13035,260,0.97802734375,-0.0205078125,0.276123046875,0,1
13081,261,0.979736328125,0.00537109375,0.26025390625,0,1
13126,262,0.979736328125,0.02197265625,0.281982421875,0,1
13172,263,0.9814453125,0.022705078125,0.260009765625,0,1
13238,264,0.991455078125,-0.000732421875,0.281982421875,0,1
13278,265,0.99169921875,0.01611328125,0.26318359375,0,1
13319,266,0.980224609375,0.020263671875,0.270751953125,0,1
13383,267,1.00244140625,0.01220703125,0.267578125,0,1
13424,268,0.9892578125,0.020751953125,0.27001953125,0,1
13469,269,0.98974609375,-0.00244140625,0.25830078125,0,1
13514,270,0.968017578125,0.0185546875,0.271484375,0,1
13580,271,0.99072265625,-0.005859375,0.2470703125,0,1
13624,272,0.98876953125,-0.014892578125,0.26171875,0,1
13665,273,0.9775390625,-0.016845703125,0.257080078125,0,1
13710,274,0.978515625,0.006103515625,0.246826171875,0,1
13772,275,0.9912109375,-0.0166015625,0.25732421875,0,1
13813,276,0.980224609375,0.00048828125,0.256103515625,0,1
13857,277,0.9814453125,0.002685546875,0.26904296875,0,1
13902,278,0.97802734375,0.001953125,0.264892578125,0,1
13963,279,0.980224609375,-0.00341796875,0.268310546875,0,1
14008,280,0.978515625,0.00048828125,0.259521484375,0,1
14054,281,0.965576171875,-0.0234375,0.25927734375,0,1
14099,282,0.9873046875,0.006103515625,0.263427734375,0,1
14163,283,0.984375,-0.00048828125,0.261962890625,0,1
14208,284,0.96484375,0.00341796875,0.287841796875,0,1
14250,285,0.962158203125,0.00341796875,0.247314453125,0,1
14294,286,0.982177734375,-0.023193359375,0.29931640625,0,1
14359,287,0.98779296875,-0.01953125,0.26318359375,0,1
14401,288,0.966796875,-0.009033203125,0.280517578125,0,1
14489,289,0.963134765625,-0.01123046875,0.278564453125,0,1
14549,290,0.963623046875,-0.0107421875,0.302978515625,0,1
14593,291,0.980224609375,-0.01416015625,0.296630859375,0,1
14638,292,0.952392578125,-0.0380859375,0.29150390625,0,1
14684,293,0.963623046875,-0.0361328125,0.290283203125,0,1
14750,294,0.967041015625,-0.029052734375,0.291015625,0,1
14796,295,0.970458984375,-0.041015625,0.302001953125,0,1
14836,296,0.973876953125,-0.053466796875,0.304443359375,0,1
14880,297,0.986328125,-0.042236328125,0.293701171875,0,1
14926,298,0.961181640625,-0.052978515625,0.3193359375,0,1
14987,299,0.973876953125,-0.045166015625,0.31787109375,0,1
109,1,-2.203125,-7.8828125,-2.53125,1,1
125,2,-2.203125,-7.8828125,-2.53125,1,1
148,3,-2.203125,-7.8828125,-2.53125,1,1
158,4,-0.375,-3.828125,-2.8359375,1,1
202,5,-2.90625,-3.921875,-0.984375,1,1
251,6,-1.25,-3.40625,-0.484375,1,1
302,7,-2.1328125,-5.015625,-2.53125,1,1
350,8,-4.0390625,-4.6484375,0.5859375,1,1
398,9,-1.75,-4.625,-2.109375,1,1
448,10,-8.5859375,-3.3515625,0.59375,1,1
496,11,-4.0078125,-4.890625,0.4921875,1,1
547,12,-3.5546875,-8.34375,0.2421875,1,1
594,13,-4.28125,-0.5078125,0.890625,1,1
643,14,-4.015625,-0.921875,0.890625,1,1
692,15,0.8984375,-0.171875,0.2578125,1,1
789,16,0.7109375,-2.0078125,-2.015625,1,1
839,17,-2.8203125,-3.2109375,0.546875,1,1
887,18,-1.015625,0.8125,0.4921875,1,1
934,19,-1.75,-1.390625,0.3828125,1,1
983,20,-1.7734375,-6.1484375,0.4921875,1,1
1033,21,-5.8671875,-5,-0.8828125,1,1
1080,22,-1.75,-3.7109375,0.7578125,1,1
1130,23,-6.765625,-10.3671875,-0.6875,1,1
1178,24,-3.65625,-7.265625,-0.5078125,1,1
1228,25,-3.984375,-9.828125,-0.359375,1,1
1276,26,-3.984375,-11.453125,2.3984375,1,1
1324,27,-5.7265625,-20.1953125,-0.4140625,1,1
1373,28,-7.75,-28.5390625,0.5703125,1,1
1422,29,-10.953125,-38.4609375,0.5625,1,1
1471,30,-9.4609375,-37.7265625,4.6328125,1,1
1521,31,-8.8359375,-47.8671875,6.6953125,1,1
1568,32,-8.7109375,-52.3125,10.7578125,1,1
1617,33,-2.734375,-60.515625,8.984375,1,1
1665,34,-4.6953125,-58.484375,14.8125,1,1
1714,35,2.8203125,-60.78125,19.6328125,1,1
1763,36,2.921875,-107.3125,22.921875,1,1
1813,37,4.234375,-87.03125,26.453125,1,1
1862,38,1.0625,-93.5546875,20.3125,1,1
1911,39,17.140625,-86.2109375,15.25,1,1
1959,40,2.203125,-90.78125,16.625,1,1
2009,41,5.140625,-81.28125,13.7109375,1,1
2058,42,-19.0546875,-59.9140625,11.3046875,1,1
2110,43,-8.859375,-41.84375,-4.7109375,1,1
2158,44,-27.6796875,-47.3671875,-2.0546875,1,1
2204,45,-31.6953125,-49.2109375,7.359375,1,1
2253,46,-22.0546875,-27.328125,1.1953125,1,1
2307,47,-3.3203125,-58.3359375,5.9375,1,1
2353,48,4.984375,-27.0078125,6.5390625,1,1
2399,49,18.125,-22.015625,7.3671875,1,1
2449,50,7.578125,-18.8203125,10.6328125,1,1
2495,51,-1.96875,4.25,-2.3359375,1,1
2546,52,-19.578125,37.203125,-14.1640625,1,1
2597,53,-16.1328125,-6.9921875,-15.2109375,1,1
2645,54,-9.0390625,92.203125,-17.6484375,1,1
2739,55,-6.90625,80.421875,-10.375,1,1
2788,56,-2.75,85.953125,-22.25,1,1
2837,57,0.5234375,93.3046875,-32.5703125,1,1
2884,58,-2.90625,89.125,-26.265625,1,1
2934,59,-14.2421875,120.640625,-28.0625,1,1
2982,60,-11.8515625,117.7109375,-47.2890625,1,1
3031,61,-26.6484375,65.2109375,-60.0234375,1,1
3079,62,-27.921875,-19.4375,-38.8125,1,1
3129,63,-41.0859375,-42.5546875,16.21875,1,1
3182,64,-74.4609375,253.9921875,26.921875,1,1
3229,65,-6.765625,185.59375,8.1953125,1,1
3276,66,-13.8203125,-60.6796875,14.4765625,1,1
3325,67,-18.1796875,-23.5546875,18.4765625,1,1
3378,68,19.65625,29.4296875,4.6953125,1,1
3425,69,20.671875,83.2109375,7.0546875,1,1
3474,70,1.2890625,64.3828125,8.5859375,1,1
3524,71,-4.671875,59.609375,5.46875,1,1
3575,72,-15.3125,52.9921875,7.7734375,1,1
3616,73,-20.53125,27.203125,8.7265625,1,1
3664,74,-21.234375,20.2109375,11.734375,1,1
3713,75,-15.2890625,46.2265625,13.6953125,1,1
3764,76,-5.5546875,36.8359375,-3.0390625,1,1
3811,77,-9.421875,15.3203125,-1.1953125,1,1
3864,78,-10.9296875,-4.7890625,10.6953125,1,1
3909,79,4.7734375,1.2734375,3.203125,1,1
3959,80,8.5234375,12.203125,4.5078125,1,1
4009,81,19.015625,5.6484375,0.6875,1,1
4061,82,23.7890625,18.453125,-6.890625,1,1
4103,83,30.578125,14.8515625,-8.828125,1,1
4152,84,19.84375,12.828125,-13.3671875,1,1
4204,85,13.6015625,-17.9140625,-17.171875,1,1
4251,86,-8.15625,-12.4296875,5.328125,1,1
4299,87,-15.015625,29.609375,17.484375,1,1
4348,88,-5.96875,14.7265625,7.9296875,1,1
4397,89,-0.265625,-4.4765625,2.046875,1,1
4446,90,-2.8984375,-0.2109375,-1.703125,1,1
4493,91,-10.0625,1.34375,-4.4140625,1,1
4542,92,-8.546875,0.765625,-1.828125,1,1
4592,93,-6.5234375,0.7265625,-0.40625,1,1
4689,94,-5.0390625,-0.4921875,1.546875,1,1
4740,95,-6.171875,-1.640625,0.5546875,1,1
4790,96,-4.7734375,-4.078125,-1.0078125,1,1
4837,97,-3.359375,-0.9375,0.9140625,1,1
4886,98,-3.2265625,1.1015625,0.0859375,1,1
4934,99,0.3125,0.6796875,-1.8671875,1,1
4985,100,-6.203125,-6.25,-2.4921875,1,1
5034,101,-4.078125,-2.1875,0.265625,1,1
5080,102,-2.6640625,0.90625,0.71875,1,1
5129,103,0.15625,0.375,-0.6328125,1,1
5176,104,-0.9296875,2.3046875,0.1796875,1,1
5225,105,0.2578125,-2.21875,0.171875,1,1
5274,106,-2.2109375,0.578125,-2.2734375,1,1
5323,107,0.5703125,1.2578125,0.109375,1,1
5373,108,-2.5234375,-0.8203125,-2.125,1,1
5421,109,-1.4453125,-2.6796875,-2.2734375,1,1
5469,110,-2.7421875,-2.4609375,-2.40625,1,1
5518,111,-2.6015625,-0.828125,-2.9453125,1,1
5566,112,-6.53125,-4.2734375,0.21875,1,1
5614,113,-4.7890625,0.5546875,-2.6875,1,1
5663,114,-4.3984375,-0.46875,-2.59375,1,1
5711,115,-2.4609375,-2.2421875,-2.609375,1,1
5761,116,-2.734375,0.5390625,-2.4140625,1,1
5809,117,-2.6171875,0.8984375,-2.7265625,1,1
5858,118,-2.75,-2.265625,-2.4375,1,1
5909,119,-2.234375,-0.875,-2.3515625,1,1
5958,120,-2.4609375,0.2421875,-2.546875,1,1
6006,121,-1.8046875,0.90625,-2.3671875,1,1
6057,122,-1.53125,-2.296875,-2.328125,1,1
6105,123,-2.2265625,-1.7421875,-2.3984375,1,1
6154,124,0.59375,0.59375,-3,1,1
6200,125,-4.0546875,-4.21875,0.4375,1,1
6249,126,-1.09375,0.046875,-2.3359375,1,1
6297,127,-2.8984375,0.5390625,-2.1640625,1,1
6345,128,0.2109375,-2.6953125,0.0546875,1,1
6396,129,0.265625,-1,-2.0859375,1,1
6444,130,-0.609375,0.3515625,0.140625,1,1
6493,131,0.640625,-4.5859375,-2.359375,1,1
6543,132,0.3203125,2.96875,-2.0703125,1,1
6591,133,-2.578125,-0.6875,0.65625,1,1
6688,134,-2.953125,-1.3984375,0.125,1,1
6735,135,-1.5859375,0.0546875,0.0859375,1,1
6785,136,0.15625,0.4140625,-2.2890625,1,1
6839,137,-2.0625,0.875,-2.546875,1,1
6886,138,0.2578125,2.65625,0.28125,1,1
6936,139,-3.375,-3.796875,0.1015625,1,1
6981,140,-1.671875,0.90625,-2.6328125,1,1
7031,141,-1.5546875,0.4140625,-2.359375,1,1
7080,142,-2.90625,0.515625,-2.1171875,1,1
7131,143,-1.3828125,1.4609375,-2.3515625,1,1
7176,144,-4.546875,-2.6484375,-2.078125,1,1
7224,145,-4.1484375,-4.7265625,-2.71875,1,1
7275,146,-2.5859375,2.453125,-2.6796875,1,1
7322,147,-1.046875,-0.8984375,-2.75,1,1
7371,148,-1.78125,-1.3046875,-2.53125,1,1
7418,149,-4.953125,-0.4609375,-2.8203125,1,1
7469,150,-4.2265625,2.28125,-2.6171875,1,1
7517,151,-3.4296875,0.03125,-2.78125,1,1
7565,152,-2.3828125,1.3125,-2.484375,1,1
7613,153,0.078125,-1.046875,-1.015625,1,1
7662,154,-1.828125,-1.40625,-2.4609375,1,1
7710,155,-1.984375,-0.34375,-2.2109375,1,1
7766,156,-1.1328125,0.546875,-2.390625,1,1
7812,157,-2.25,0.984375,-2.5859375,1,1
7857,158,0.1796875,0.890625,-2.4296875,1,1
7907,159,-2.59375,-2.03125,-2.734375,1,1
7955,160,-1.1328125,0.921875,-2.5234375,1,1
8005,161,-2.59375,6.4921875,-2.8359375,1,1
8055,162,-10.984375,17.8828125,-6.3671875,1,1
8105,163,-14.2421875,26.0546875,-9.96875,1,1
8152,164,-17.7265625,-50.25,-15.203125,1,1
8205,165,-3.9765625,-92.59375,-5.4453125,1,1
8256,166,1.1171875,-102.3359375,-8.2109375,1,1
8297,167,20.296875,-101.65625,-20.390625,1,1
8348,168,28.09375,-88.4296875,-4.1953125,1,1
8396,169,30.8125,-99.8125,7.9140625,1,1
8445,170,33.578125,-87.2578125,-5.2578125,1,1
8493,171,21.125,-101.828125,-3.5234375,1,1
8547,172,11.0234375,-124.40625,9.015625,1,1
8641,173,8.0390625,-131.8125,10.734375,1,1
8688,174,-6.859375,-101.5546875,-1.9765625,1,1
8738,175,-1.203125,-93.59375,-8.234375,1,1
8786,176,-44.09375,-71.484375,-23.1796875,1,1
8838,177,-52.0390625,-132.0078125,-20.296875,1,1
8882,178,-17.765625,-84.4765625,1.09375,1,1
8930,179,3.3828125,-20.1640625,0.1953125,1,1
8981,180,16.9453125,-46.8984375,13.2890625,1,1
9029,181,15.171875,-45.140625,28.84375,1,1
9076,182,4.0703125,17.6640625,27.5234375,1,1
9125,183,10.640625,25.3125,18.171875,1,1
9175,184,-1,44.71875,23.6484375,1,1
9224,185,-12.171875,18.984375,35.3515625,1,1
9274,186,-17.1640625,84.9921875,34.9609375,1,1
9322,187,-6.453125,46.0234375,12.2734375,1,1
9368,188,-16.2578125,68.625,7.9296875,1,1
9417,189,-11.0234375,74.5,-3.8046875,1,1
9470,190,-20.71875,89.703125,-18.7890625,1,1
9517,191,-15.9453125,73.1953125,-13.2421875,1,1
9564,192,-7.8125,59.8671875,-10.3984375,1,1
9617,193,-8.0546875,89.375,-13.625,1,1
9660,194,6.109375,54.3203125,-8.4296875,1,1
9711,195,12.0234375,46.8125,-17.7578125,1,1
9758,196,14.3125,34.15625,-26.21875,1,1
9809,197,12.859375,21.546875,-24.5078125,1,1
9860,198,15.4453125,4.3515625,-16.21875,1,1
9905,199,11.3828125,5.125,-17.390625,1,1
9954,200,16.109375,53.1640625,-14.9609375,1,1
10003,201,5.4453125,33.609375,-22.1328125,1,1
10053,202,3.21875,22.7421875,-30.2109375,1,1
10105,203,-1.3984375,0.25,-36.234375,1,1
10154,204,-21.4609375,71.8203125,-23.4921875,1,1
10199,205,-21.0390625,21.296875,-11.84375,1,1
10248,206,-22.8125,22.8984375,-18.7734375,1,1
10296,207,-17.3671875,30.5703125,-17.3515625,1,1
10344,208,-15.4296875,17.953125,-16.6328125,1,1
10394,209,-22.0859375,14.71875,-8.8046875,1,1
10441,210,-14.7578125,10.5546875,2.4375,1,1
10492,211,-14.640625,19.8046875,11.09375,1,1
10589,212,-7.078125,10.9609375,12.3515625,1,1
10636,213,1.0546875,3.984375,5.1484375,1,1
10685,214,-0.8828125,-6.4453125,7.0234375,1,1
10736,215,3.3515625,3.2421875,8.671875,1,1
10787,216,6.328125,0.4921875,3.8125,1,1
10834,217,3.8828125,14.8984375,6.1796875,1,1
10880,218,1.546875,19.1328125,6.0703125,1,1
10931,219,1.96875,8.7734375,5.1171875,1,1
10979,220,-4.828125,-4.7578125,7.0390625,1,1
11027,221,-5.609375,3.71875,1.65625,1,1
11075,222,-9.75,-6.3359375,-5.59375,1,1
11125,223,-16.609375,-1.2734375,-5.6171875,1,1
11173,224,-13.59375,-9.234375,-4.09375,1,1
11222,225,-14.328125,-3.5859375,2.328125,1,1
11270,226,-3.578125,-2.9140625,1.8515625,1,1
11324,227,2.8125,-0.5859375,4.0234375,1,1
11368,228,10.7578125,0.5,4.3046875,1,1
11421,229,14.578125,-10.0859375,2.1640625,1,1
11466,230,11.953125,-9.7421875,1.15625,1,1
11514,231,16.3828125,-18.125,6.1875,1,1
11564,232,13.2734375,-13.15625,8.4765625,1,1
11612,233,11.21875,-12.53125,5.7421875,1,1
11660,234,9.203125,-7.65625,6.859375,1,1
11710,235,9.3125,-4.671875,6.1484375,1,1
11759,236,7.4375,6.3828125,5.5,1,1
11809,237,5.296875,2.0859375,6.546875,1,1
11861,238,6.453125,-13.296875,3.53125,1,1
11905,239,3.09375,-6.59375,4.359375,1,1
11954,240,3.5390625,-1.90625,4.0625,1,1
12003,241,2.8203125,-3.9140625,1.28125,1,1
12053,242,1.4921875,-8.234375,2.65625,1,1
12101,243,1.0234375,-3.7578125,-0.8046875,1,1
12150,244,3.484375,3.3828125,2.515625,1,1
12197,245,-0.03125,-5.7421875,-0.90625,1,1
12245,246,-0.84375,-1.0546875,-0.7109375,1,1
12297,247,4.0546875,-12.71875,0.921875,1,1
12344,248,2.4296875,-2.84375,2.3359375,1,1
12394,249,-1.484375,-9.6484375,0.8359375,1,1
12442,250,-2.8671875,-15.546875,-3.0390625,1,1
12575,251,0.5859375,-14.2109375,-3.4296875,1,1
12613,252,-0.1328125,-13.9921875,1.71875,1,1
12642,253,3.078125,-20.2578125,4.578125,1,1
12683,254,1.9921875,-19.1875,3.8984375,1,1
12745,255,2.3359375,-20.46875,6.8984375,1,1
12790,256,2.359375,-17.4453125,5.796875,1,1
12835,257,2.4453125,-13.921875,7.4609375,1,1
12880,258,1.9609375,-14.5390625,10.984375,1,1
12945,259,6.0703125,-12.28125,14.4921875,1,1
12991,260,4.265625,-12.0078125,16.109375,1,1
13036,261,6.0625,-10.390625,10.671875,1,1
13082,262,3.7265625,-8.9765625,8.1640625,1,1
13127,263,5.6640625,-8.375,4.6796875,1,1
13173,264,8.3828125,-4.2109375,2.0546875,1,1
13239,265,6.53125,-6.109375,-0.203125,1,1
13279,266,8.6796875,-1.2109375,-0.2890625,1,1
13320,267,5.0390625,-6.671875,0.265625,1,1
13384,268,3.71875,-1.28125,0.6484375,1,1
13425,269,4.7734375,-1.71875,0.2265625,1,1
13470,270,1.515625,-2.0859375,-2.1953125,1,1
13515,271,1.5859375,-0.28125,-2.3203125,1,1
13581,272,0.609375,-2.1328125,-2.5859375,1,1
13624,273,-1.6171875,-0.4609375,-4.8046875,1,1
13666,274,-3.3203125,-6.3515625,-3.6640625,1,1
13711,275,-6,-2.2421875,-3.765625,1,1
13773,276,-9.2578125,0.578125,-6.828125,1,1
13814,277,-12.7265625,-1,-6.6875,1,1
13858,278,-14.8203125,0.2265625,-5.234375,1,1
13903,279,-12.890625,-2.1796875,-5.3671875,1,1
13964,280,-12.9921875,-2.8046875,-6.515625,1,1
14009,281,-12.1484375,2.453125,-6.5078125,1,1
14055,282,-12.03125,1.03125,-6.359375,1,1
14100,283,-7.6796875,2.59375,-3.859375,1,1
14164,284,-7.9375,-0.0625,-4.3359375,1,1
14209,285,-8.3046875,8.8515625,-2.0703125,1,1
14251,286,-4.53125,2.0625,-4.1015625,1,1
14295,287,-4.5078125,1.75,-3.6484375,1,1
14360,288,0.0234375,0.9921875,-6.046875,1,1
14402,289,-2.0546875,1.2421875,-4.734375,1,1
14490,290,-0.921875,3.5234375,-3.03125,1,1
14550,291,0.96875,1.9140625,-4.078125,1,1
14594,292,2.9453125,3.0390625,-4.875,1,1
14639,293,1.671875,3.7734375,-4.2265625,1,1
14685,294,3.1328125,-0.28125,-4.0546875,1,1
14750,295,3.203125,-0.2109375,-1.75,1,1
14796,296,1.5859375,4.1640625,-3.078125,1,1
14837,297,2.234375,0.390625,-3.0546875,1,1
14881,298,-0.890625,0.875,-4.09375,1,1
14927,299,-0.6953125,2.1015625,-2.78125,1,1
14988,300,1.703125,-2.15625,-2.203125,1,1
110,1,-57.33333206176758,60.33333206176758,-95.5,2,1
126,2,-57.33333206176758,60.33333206176758,-95.5,2,1
149,3,-57.33333206176758,60.33333206176758,-95.5,2,1
159,4,-56.66666793823242,61.33333206176758,-98.83333587646484,2,1
203,5,-55.33333206176758,60.33333206176758,-96.66666412353516,2,1
252,6,-57.66666793823242,60.66666793823242,-95.5,2,1
303,7,-56.16666793823242,60.66666793823242,-97.5,2,1
351,8,-56.33333206176758,62,-97.33333587646484,2,1
399,9,-56.83333206176758,60.66666793823242,-96,2,1
449,10,-56.5,62.66666793823242,-97.16666412353516,2,1
497,11,-55.16666793823242,61.33333206176758,-95.83333587646484,2,1
549,12,-54.83333206176758,58.33333206176758,-95.16666412353516,2,1
595,13,-56.5,60.33333206176758,-96.33333587646484,2,1
644,14,-57.66666793823242,62.33333206176758,-96.66666412353516,2,1
693,15,-57.66666793823242,63,-95.16666412353516,2,1
791,16,-56.83333206176758,21.66666603088379,-99,2,1
840,17,-58.33333206176758,62.5,-95.83333587646484,2,1
888,18,-58.16666793823242,61.83333206176758,-96.33333587646484,2,1
935,19,-56.33333206176758,21.33333396911621,-97.66666412353516,2,1
985,20,-57.66666793823242,62.33333206176758,-97.16666412353516,2,1
1034,21,-57.66666793823242,63.5,-97.5,2,1
1081,22,-57.16666793823242,62,-96.5,2,1
1131,23,-56.5,63,-95.5,2,1
1180,24,-58.33333206176758,22.16666603088379,-97.33333587646484,2,1
1229,25,-55.83333206176758,60.83333206176758,-96.16666412353516,2,1
1277,26,-56.5,61.5,-94.33333587646484,2,1
1325,27,-57.33333206176758,22.83333396911621,-94.33333587646484,2,1
1374,28,-58.16666793823242,63.5,-96.33333587646484,2,1
1423,29,-59.33333206176758,22.83333396911621,-96,2,1
1472,30,-59.16666793823242,22.66666603088379,-93.83333587646484,2,1
1523,31,-56.83333206176758,24,-94.33333587646484,2,1
1569,32,-59.16666793823242,25,-93,2,1
1618,33,-58.5,26.33333396911621,-90.5,2,1
1666,34,-60.5,28,-91.33333587646484,2,1
1715,35,-58.33333206176758,28.16666603088379,-87.33333587646484,2,1
1763,36,-59.5,30.16666603088379,-86.16666412353516,2,1
1815,37,-60.83333206176758,31.5,-41.83333206176758,2,1
1863,38,-60,33.16666793823242,-36.33333206176758,2,1
1912,39,-63.5,35,-33.16666793823242,2,1
1959,40,-62.83333206176758,36.66666793823242,-31,2,1
2010,41,-63.83333206176758,36.5,-25.5,2,1
2059,42,-62.83333206176758,36,-62.83333206176758,2,1
2113,43,-22.83333396911621,37.66666793823242,-61.16666793823242,2,1
2161,44,-23,39.5,-59.83333206176758,2,1
2205,45,-21.83333396911621,37.5,-58.66666793823242,2,1
2255,46,-22.83333396911621,37.33333206176758,-57,2,1
2310,47,-23.33333396911621,38.33333206176758,-54.83333206176758,2,1
2355,48,-23.66666603088379,39,-55,2,1
2400,49,-23,36.66666793823242,-50.66666793823242,2,1
2451,50,-25.83333396911621,38.33333206176758,-52.16666793823242,2,1
2497,51,-22.33333396911621,39,-50,2,1
2548,52,-24.33333396911621,38.5,-51.66666793823242,2,1
2599,53,-24.83333396911621,39.66666793823242,-53.16666793823242,2,1
2647,54,-26,39.33333206176758,-52.66666793823242,2,1
2741,55,-23,40,-54.83333206176758,2,1
2790,56,-23.33333396911621,41.5,-59.83333206176758,2,1
2839,57,-22.66666603088379,41.16666793823242,-63.66666793823242,2,1
2885,58,-23.16666603088379,40.5,-26.66666603088379,2,1
2935,59,-63.83333206176758,41,-31.5,2,1
2983,60,-61.83333206176758,39,-36.5,2,1
3032,61,-63,36.5,-42.33333206176758,2,1
3080,62,-59.33333206176758,36.33333206176758,-89,2,1
3130,63,-58.33333206176758,35,-88,2,1
3184,64,-57.83333206176758,37.66666793823242,-39.66666793823242,2,1
3237,65,-63,33.83333206176758,-99.16666412353516,2,1
3277,66,-22.83333396911621,24.66666603088379,-68.5,2,1
3326,67,-23.66666603088379,23.83333396911621,-68.5,2,1
3380,68,-24,23.83333396911621,-67,2,1
3426,69,-22.66666603088379,25.5,-68.33333587646484,2,1
3476,70,-21.83333396911621,23.16666603088379,-69.83333587646484,2,1
3526,71,-22.83333396911621,63.66666793823242,-71.5,2,1
3576,72,-24,60.83333206176758,-74.66666412353516,2,1
3617,73,-23.33333396911621,60.66666793823242,-74.33333587646484,2,1
3665,74,-25.5,60,-76.5,2,1
3714,75,-26,58.83333206176758,-78.5,2,1
3766,76,-25.33333396911621,56.33333206176758,-78.33333587646484,2,1
3813,77,-27,54.66666793823242,-79.33333587646484,2,1
3866,78,-28.16666603088379,56.33333206176758,-79.83333587646484,2,1
3910,79,-27.5,56.16666793823242,-80,2,1
3961,80,-27.5,55.33333206176758,-79.66666412353516,2,1
4010,81,-26.33333396911621,54.83333206176758,-81.5,2,1
4063,82,-26,54.5,-80.66666412353516,2,1
4104,83,-25.5,54.5,-80.66666412353516,2,1
4153,84,-23.33333396911621,52.66666793823242,-80.16666412353516,2,1
4206,85,-62.83333206176758,51.5,-76.66666412353516,2,1
4252,86,-62,54.33333206176758,-76.66666412353516,2,1
4300,87,-21.66666603088379,54.5,-76.5,2,1
4350,88,-61.5,53.33333206176758,-77.33333587646484,2,1
4398,89,-61.5,48.16666793823242,-73.83333587646484,2,1
4448,90,-61.66666793823242,46.33333206176758,-71.33333587646484,2,1
4494,91,-61.83333206176758,47.33333206176758,-70.83333587646484,2,1
4543,92,-26,49.66666793823242,-78,2,1
4594,93,-22.83333396911621,52.83333206176758,-78.83333587646484,2,1
4690,94,-22,53.66666793823242,-78.5,2,1
4742,95,-63.33333206176758,54.66666793823242,-77.16666412353516,2,1
4792,96,-24,51.33333206176758,-80,2,1
4840,97,-21.83333396911621,51.83333206176758,-77.5,2,1
4888,98,-24.33333396911621,52.5,-78,2,1
4936,99,-24.66666603088379,51.16666793823242,-77.5,2,1
4987,100,-24.33333396911621,51.66666793823242,-79.16666412353516,2,1
5035,101,-25.5,52.83333206176758,-77.33333587646484,2,1
5081,102,-24,51.33333206176758,-78,2,1
5131,103,-23,53.16666793823242,-79.83333587646484,2,1
5177,104,-26.16666603088379,51.83333206176758,-78.66666412353516,2,1
5226,105,-21.83333396911621,52.33333206176758,-77.83333587646484,2,1
5275,106,-22.66666603088379,51.5,-78.33333587646484,2,1
5325,107,-23.66666603088379,51.66666793823242,-78,2,1
5375,108,-25,51.83333206176758,-79.33333587646484,2,1
5422,109,-23,52.33333206176758,-78.33333587646484,2,1
5470,110,-25.16666603088379,51.33333206176758,-78.83333587646484,2,1
5519,111,-25.33333396911621,52.33333206176758,-77.83333587646484,2,1
5567,112,-24.66666603088379,52.66666793823242,-78.66666412353516,2,1
5615,113,-24,52.16666793823242,-79.16666412353516,2,1
5663,114,-25,53.16666793823242,-80.16666412353516,2,1
5712,115,-23.33333396911621,55.16666793823242,-81,2,1
5762,116,-25.33333396911621,54.33333206176758,-77.16666412353516,2,1
5810,117,-23,51.83333206176758,-79,2,1
5859,118,-25.33333396911621,51.16666793823242,-77.5,2,1
5911,119,-25.83333396911621,53.16666793823242,-80.16666412353516,2,1
5959,120,-23.33333396911621,54.33333206176758,-79.83333587646484,2,1
6007,121,-25,52.33333206176758,-77.83333587646484,2,1
6058,122,-23.66666603088379,53.33333206176758,-78.5,2,1
6106,123,-24.16666603088379,53.16666793823242,-79.83333587646484,2,1
6155,124,-23.66666603088379,53.66666793823242,-81.5,2,1
6201,125,-24.33333396911621,52.83333206176758,-81.16666412353516,2,1
6250,126,-25.83333396911621,53.16666793823242,-79.33333587646484,2,1
6297,127,-24,52.16666793823242,-78.5,2,1
6347,128,-62.5,49.16666793823242,-76.66666412353516,2,1
6397,129,-63.5,45.66666793823242,-72.66666412353516,2,1
6446,130,-61.66666793823242,45.16666793823242,-72.5,2,1
6494,131,-26.16666603088379,50,-79.83333587646484,2,1
6544,132,-62.33333206176758,43.33333206176758,-70.83333587646484,2,1
6592,133,-23,53.16666793823242,-79,2,1
6689,134,-22.66666603088379,54.33333206176758,-79.33333587646484,2,1
6736,135,-24.66666603088379,54.33333206176758,-79,2,1
6786,136,-63.5,52.5,-81.83333587646484,2,1
6841,137,-24.33333396911621,52.83333206176758,-80,2,1
6888,138,-25.5,52.83333206176758,-78.83333587646484,2,1
6938,139,-23.83333396911621,52.33333206176758,-79.33333587646484,2,1
6982,140,-23,53.5,-78.66666412353516,2,1
7032,141,-23.66666603088379,53.33333206176758,-78.5,2,1
7081,142,-23.83333396911621,53.83333206176758,-79,2,1
7133,143,-22.33333396911621,52.16666793823242,-78.83333587646484,2,1
7177,144,-24.83333396911621,52.5,-78.83333587646484,2,1
7225,145,-24.33333396911621,52.5,-78.5,2,1
7277,146,-22.83333396911621,53.66666793823242,-79.66666412353516,2,1
7323,147,-24.83333396911621,52.83333206176758,-79.16666412353516,2,1
7372,148,-24.83333396911621,53.33333206176758,-79.16666412353516,2,1
7419,149,-24.83333396911621,54.5,-79.16666412353516,2,1
7471,150,-25.33333396911621,53.16666793823242,-79.83333587646484,2,1
7518,151,-23.83333396911621,53.16666793823242,-79.83333587646484,2,1
7566,152,-25.33333396911621,52.33333206176758,-79,2,1
7614,153,-24.33333396911621,53.66666793823242,-81.16666412353516,2,1
7663,154,-25.5,52.83333206176758,-78.5,2,1
7711,155,-23.66666603088379,51,-79.66666412353516,2,1
7768,156,-25.16666603088379,51.66666793823242,-79.66666412353516,2,1
7813,157,-23.33333396911621,53.16666793823242,-79.33333587646484,2,1
7858,158,-22.83333396911621,49.33333206176758,-81.16666412353516,2,1
7909,159,-22.66666603088379,52.66666793823242,-79.33333587646484,2,1
7955,160,-23.83333396911621,53.5,-79.33333587646484,2,1
8007,161,-23.16666603088379,53.33333206176758,-79.16666412353516,2,1
8056,162,-24.66666603088379,51.83333206176758,-79,2,1
8106,163,-25.5,52.16666793823242,-79.16666412353516,2,1
8154,164,-24.16666603088379,51.16666793823242,-80.5,2,1
8207,165,-26,53.33333206176758,-80,2,1
8259,166,-27.16666603088379,52.83333206176758,-80.33333587646484,2,1
8298,167,-63.66666793823242,54.33333206176758,-74,2,1
8350,168,-21.83333396911621,52.33333206176758,-67.83333587646484,2,1
8398,169,-62.33333206176758,55.66666793823242,-64.66666412353516,2,1
8446,170,-22.83333396911621,56.5,-103.8333358764648,2,1
8495,171,-62.33333206176758,60,-99.16666412353516,2,1
8550,172,-61.33333206176758,29.5,-104,2,1
8642,173,-60.83333206176758,32,-97.5,2,1
8690,174,-62.33333206176758,34.5,-91.83333587646484,2,1
8740,175,-60.33333206176758,37.66666793823242,-88.5,2,1
8788,176,-59.66666793823242,38.66666793823242,-41.83333206176758,2,1
8840,177,-59.83333206176758,37.33333206176758,-38.16666793823242,2,1
8883,178,-60.83333206176758,38.33333206176758,-34.83333206176758,2,1
8931,179,-62.83333206176758,40.33333206176758,-29.5,2,1
8983,180,-62.5,41.5,-26.83333396911621,2,1
9031,181,-62.5,41.5,-23.66666603088379,2,1
9077,182,-61.83333206176758,40.5,-22.33333396911621,2,1
9125,183,-63.83333206176758,41,-63.5,2,1
9176,184,-64,40.33333206176758,-23,2,1
9225,185,-22.66666603088379,40,-24.5,2,1
9276,186,-23.83333396911621,39.5,-28,2,1
9324,187,-26,39.33333206176758,-30.5,2,1
9369,188,-26.83333396911621,35.66666793823242,-35.83333206176758,2,1
9418,189,-28,36.5,-37.66666793823242,2,1
9472,190,-26.5,34.66666793823242,-40.16666793823242,2,1
9519,191,-27,34.33333206176758,-86,2,1
9565,192,-28.16666603088379,33.5,-89.5,2,1
9618,193,-27.83333396911621,31.16666603088379,-93.66666412353516,2,1
9660,194,-29,30.83333396911621,-93.33333587646484,2,1
9712,195,-28.33333396911621,28.5,-96.5,2,1
9759,196,-26.16666603088379,27.5,-97.5,2,1
9810,197,-25.33333396911621,27.16666603088379,-97.83333587646484,2,1
9862,198,-24.83333396911621,23.83333396911621,-97.33333587646484,2,1
9907,199,-21.83333396911621,22.83333396911621,-98.66666412353516,2,1
9955,200,-22.33333396911621,25,-96.5,2,1
10004,201,-64,24.83333396911621,-97.5,2,1
10054,202,-62,23.66666603088379,-97.5,2,1
10107,203,-62.66666793823242,22.66666603088379,-99.16666412353516,2,1
10155,204,-59.83333206176758,22.66666603088379,-98.83333587646484,2,1
10201,205,-59.83333206176758,63.33333206176758,-100.3333358764648,2,1
10250,206,-60,61.5,-96.66666412353516,2,1
10298,207,-56.83333206176758,55.5,-95.5,2,1
10345,208,-59.5,52.83333206176758,-95.33333587646484,2,1
10396,209,-59.5,51.33333206176758,-94.66666412353516,2,1
10441,210,-62.5,52.33333206176758,-95.5,2,1
10493,211,-22,60.83333206176758,-104.1666641235352,2,1
10591,212,-22,61.33333206176758,-105,2,1
10637,213,-63.83333206176758,58.16666793823242,-104.1666641235352,2,1
10685,214,-22.33333396911621,58.83333206176758,-106.1666641235352,2,1
10738,215,-63.83333206176758,58.5,-106.1666641235352,2,1
10789,216,-22.66666603088379,59.5,-64.5,2,1
10835,217,-63.66666793823242,59.16666793823242,-105.1666641235352,2,1
10881,218,-64,57.16666793823242,-104.8333358764648,2,1
10932,219,-21.66666603088379,56.5,-64.66666412353516,2,1
10980,220,-23.66666603088379,56.16666793823242,-105.3333358764648,2,1
11028,221,-62.66666793823242,58.5,-105.6666641235352,2,1
11076,222,-63.66666793823242,58.66666793823242,-65.16666412353516,2,1
11126,223,-64,57.83333206176758,-66,2,1
11173,224,-64,58.33333206176758,-106,2,1
11222,225,-23.83333396911621,58.66666793823242,-65.5,2,1
11271,226,-23.33333396911621,56.66666793823242,-64.83333587646484,2,1
11326,227,-23.83333396911621,57.5,-66.66666412353516,2,1
11369,228,-21.83333396911621,57.5,-66,2,1
11423,229,-25.83333396911621,57.5,-64.5,2,1
11467,230,-22.33333396911621,56.83333206176758,-64.66666412353516,2,1
11515,231,-63.66666793823242,57.83333206176758,-65.5,2,1
11565,232,-21.83333396911621,58.66666793823242,-64.83333587646484,2,1
11613,233,-22.33333396911621,59.66666793823242,-104.6666641235352,2,1
11661,234,-63.83333206176758,59.33333206176758,-105.6666641235352,2,1
11712,235,-22,60.5,-105,2,1
11760,236,-63,61.33333206176758,-104.1666641235352,2,1
11811,237,-63.33333206176758,60.66666793823242,-102.5,2,1
11863,238,-62.66666793823242,60,-103.8333358764648,2,1
11906,239,-63.5,60.83333206176758,-102.6666641235352,2,1
11956,240,-59.83333206176758,60.83333206176758,-103,2,1
12004,241,-59.83333206176758,60,-103.5,2,1
12055,242,-60.83333206176758,59.5,-102.8333358764648,2,1
12102,243,-61.83333206176758,62,-103,2,1
12152,244,-61.83333206176758,61.33333206176758,-101.1666641235352,2,1
12199,245,-57.83333206176758,57.33333206176758,-100.8333358764648,2,1
12246,246,-57.33333206176758,57.5,-97.5,2,1
12299,247,-56.5,53.83333206176758,-94.33333587646484,2,1
12345,248,-57.33333206176758,53.16666793823242,-92.83333587646484,2,1
12395,249,-57.66666793823242,53.5,-94.83333587646484,2,1
12444,250,-60,61.5,-99,2,1
12576,251,-59.5,61.33333206176758,-100.3333358764648,2,1
12613,252,-59.5,62.83333206176758,-98.83333587646484,2,1
12643,253,-58.83333206176758,63,-97.83333587646484,2,1
12684,254,-58.16666793823242,21.66666603088379,-99,2,1
12746,255,-58.66666793823242,63.66666793823242,-99.16666412353516,2,1
12790,256,-57.83333206176758,23.83333396911621,-98.5,2,1
12835,257,-58.5,24,-97.16666412353516,2,1
12881,258,-60.33333206176758,23,-95.83333587646484,2,1
12946,259,-57.83333206176758,23.33333396911621,-96.83333587646484,2,1
12992,260,-59.5,24.66666603088379,-96.5,2,1
13037,261,-58.5,24.33333396911621,-96.33333587646484,2,1
13083,262,-58.83333206176758,24,-96.66666412353516,2,1
13128,263,-58.33333206176758,23.83333396911621,-93,2,1
13174,264,-58.83333206176758,24.33333396911621,-96.33333587646484,2,1
13239,265,-60.66666793823242,25.83333396911621,-94.66666412353516,2,1
13280,266,-59.83333206176758,26.16666603088379,-94.66666412353516,2,1
13321,267,-58.66666793823242,24.16666603088379,-93.83333587646484,2,1
13385,268,-58.33333206176758,25,-93.5,2,1
13426,269,-57.5,25.33333396911621,-92.33333587646484,2,1
13471,270,-59.33333206176758,25.16666603088379,-92.83333587646484,2,1
13516,271,-57.16666793823242,27,-92.66666412353516,2,1
13581,272,-59.66666793823242,25.5,-90.5,2,1
13625,273,-59.33333206176758,25.16666603088379,-94.33333587646484,2,1
13667,274,-58.33333206176758,25,-92.66666412353516,2,1
13712,275,-58.33333206176758,24.66666603088379,-93.5,2,1
13774,276,-57.5,25,-91.83333587646484,2,1
13814,277,-57.16666793823242,26.16666603088379,-91.5,2,1
13859,278,-59.33333206176758,24.33333396911621,-93.66666412353516,2,1
13904,279,-58.5,25.16666603088379,-93.66666412353516,2,1
13965,280,-58.16666793823242,25.16666603088379,-93.66666412353516,2,1
14010,281,-58.16666793823242,25.16666603088379,-93.66666412353516,2,1
14057,282,-57.83333206176758,25.83333396911621,-95.33333587646484,2,1
14101,283,-59.16666793823242,25,-94.16666412353516,2,1
14165,284,-57.83333206176758,22.16666603088379,-91.83333587646484,2,1
14210,285,-57.5,60.83333206176758,-87.66666412353516,2,1
14252,286,-56.66666793823242,61.66666793823242,-88.5,2,1
14296,287,-58.66666793823242,59.66666793823242,-85.83333587646484,2,1
14361,288,-60.5,24.33333396911621,-95.5,2,1
14403,289,-59.5,24.66666603088379,-96.16666412353516,2,1
14491,290,-59.33333206176758,21.66666603088379,-94.83333587646484,2,1
14551,291,-58.83333206176758,24.33333396911621,-95.16666412353516,2,1
14594,292,-57.16666793823242,58.83333206176758,-89.16666412353516,2,1
14640,293,-57.33333206176758,24.33333396911621,-94.83333587646484,2,1
14686,294,-58.33333206176758,23,-96.16666412353516,2,1
14751,295,-57.5,22.66666603088379,-98,2,1
14797,296,-57.66666793823242,24.33333396911621,-94,2,1
14838,297,-58.5,23.16666603088379,-94,2,1
14882,298,-56.5,23.66666603088379,-94,2,1
14928,299,-60.33333206176758,23.83333396911621,-93.83333587646484,2,1
14989,300,-58.16666793823242,63.83333206176758,-93.33333587646484,2,1
127,0,0.97265625,-0.0673828125,0.33642578125,0,2
150,1,0.97265625,-0.0673828125,0.33642578125,0,2
161,2,0.9775390625,-0.06982421875,0.32958984375,0,2
206,3,0.982177734375,-0.0712890625,0.3369140625,0,2
256,4,1.03125,-0.06494140625,0.341064453125,0,2
305,5,1.030029296875,-0.067626953125,0.3408203125,0,2
354,6,0.97412109375,-0.0634765625,0.282470703125,0,2
403,7,0.981201171875,0.009033203125,0.335693359375,0,2
451,8,0.980224609375,0.0048828125,0.336181640625,0,2
500,9,0.974365234375,-0.06396484375,0.338623046875,0,2
551,10,0.97607421875,0.002197265625,0.333251953125,0,2
597,11,0.9697265625,-0.06689453125,0.339599609375,0,2
646,12,0.968994140625,-0.0634765625,0.32958984375,0,2
695,13,0.97802734375,0.004150390625,0.322265625,0,2
744,14,0.977294921875,0.00146484375,0.3154296875,0,2
794,15,0.987548828125,0.0009765625,0.24658203125,0,2
842,16,0.983154296875,0.000244140625,0.244873046875,0,2
890,17,0.9775390625,-0.06689453125,0.31884765625,0,2
939,18,0.983642578125,0.00537109375,0.3173828125,0,2
987,19,0.976318359375,-0.063232421875,0.314453125,0,2
1036,20,0.982421875,0.00390625,0.2431640625,0,2
1086,21,0.980224609375,0.0048828125,0.322021484375,0,2
1133,22,0.979248046875,0.00048828125,0.242919921875,0,2
1182,23,0.97412109375,-0.068603515625,0.3203125,0,2
1231,24,0.975830078125,0.003662109375,0.2431640625,0,2
1280,25,0.9833984375,-0.066162109375,0.223388671875,0,2
1329,26,0.984619140625,-0.07470703125,0.226318359375,0,2
1377,27,0.99658203125,-0.074462890625,0.277587890625,0,2
1426,28,1.06494140625,-0.07763671875,0.275634765625,0,2
1475,29,0.98291015625,-0.0810546875,0.275146484375,0,2
1525,30,0.974365234375,-0.076904296875,0.26171875,0,2
1572,31,0.98681640625,0.005859375,0.262939453125,0,2
1621,32,1.019287109375,-0.072265625,0.261474609375,0,2
1671,33,0.98095703125,-0.075439453125,0.164306640625,0,2
1717,34,1.0234375,-0.0712890625,0.216796875,0,2
1767,35,0.936279296875,-0.0791015625,0.1953125,0,2
1816,36,0.870849609375,-0.070068359375,0.2265625,0,2
1866,37,0.926513671875,0.00927734375,0.25341796875,0,2
1914,38,1.009521484375,-0.054443359375,0.17578125,0,2
2013,39,1.09130859375,-0.027587890625,0.24951171875,0,2
2062,40,0.97607421875,-0.03271484375,0.165283203125,0,2
2116,41,0.9033203125,0.081298828125,0.326171875,0,2
2165,42,0.7978515625,0.090576171875,0.243896484375,0,2
2207,43,1.0048828125,0.06884765625,0.24365234375,0,2
2257,44,0.859619140625,-0.03076171875,0.34130859375,0,2
2316,45,0.93212890625,0.010498046875,0.3955078125,0,2
2359,46,0.847412109375,-0.04296875,0.46826171875,0,2
2402,47,0.95751953125,0.0185546875,0.44873046875,0,2
2454,48,0.86083984375,-0.047607421875,0.65625,0,2
2499,49,0.89990234375,-0.0400390625,0.609130859375,0,2
2551,50,0.807373046875,-0.11181640625,0.808837890625,0,2
2602,51,0.686279296875,0.007568359375,0.741455078125,0,2
2650,52,0.69775390625,-0.0107421875,0.87744140625,0,2
2699,53,0.560791015625,0.015380859375,0.882080078125,0,2
2743,54,0.496826171875,-0.03515625,0.854248046875,0,2
2792,55,0.572265625,-0.030517578125,0.9248046875,0,2
2841,56,0.455322265625,-0.010009765625,1.029296875,0,2
2888,57,0.25390625,-0.083251953125,0.932373046875,0,2
2937,58,0.3095703125,-0.138671875,1.137451171875,0,2
2986,59,0.11328125,0.08203125,1.359130859375,0,2
3034,60,0.507080078125,0.083740234375,1.656982421875,0,2
3083,61,0.062255859375,0.0400390625,1.7802734375,0,2
3132,62,0.09228515625,-0.08056640625,1.13525390625,0,2
3187,63,0.21728515625,0.070556640625,0.845947265625,0,2
3239,64,0.111328125,-0.0087890625,0.9423828125,0,2
3279,65,0.298828125,0.064697265625,1.016845703125,0,2
3328,66,0.26708984375,-0.06884765625,1.080078125,0,2
3383,67,0.368408203125,-0.07080078125,1.28076171875,0,2
3429,68,0.266845703125,-0.116943359375,1.152099609375,0,2
3478,69,0.254150390625,-0.117919921875,1.03369140625,0,2
3530,70,0.189208984375,-0.040771484375,0.996826171875,0,2
3578,71,0.055419921875,-0.033935546875,1.052001953125,0,2
3620,72,0.154296875,-0.021484375,1.04248046875,0,2
3668,73,0.201416015625,-0.0166015625,1.11279296875,0,2
3718,74,0.16015625,0.005615234375,1.14111328125,0,2
3768,75,0.118896484375,-0.013427734375,1.091064453125,0,2
3815,76,0.155029296875,0.07666015625,1.043701171875,0,2
3869,77,0.139404296875,0.0849609375,1.126953125,0,2
3963,78,0.087158203125,-0.00732421875,1.11328125,0,2
4012,79,-0.029541015625,-0.01953125,1.03857421875,0,2
4067,80,0.07373046875,-0.013427734375,1.14697265625,0,2
4107,81,0.070556640625,0.01416015625,1.130615234375,0,2
4156,82,0.04150390625,-0.06640625,1.059326171875,0,2
4209,83,0.142333984375,-0.0244140625,1.13623046875,0,2
4254,84,-0.02880859375,-0.015869140625,1.1455078125,0,2
4302,85,0.018798828125,0.016845703125,1.060302734375,0,2
4352,86,0.083984375,0.010009765625,1.127685546875,0,2
4434,87,0.06396484375,-0.086669921875,1.130615234375,0,2
4450,88,0.0283203125,-0.07958984375,1.051025390625,0,2
4498,89,-0.03076171875,0.021728515625,1.126220703125,0,2
4546,90,0.022705078125,-0.021728515625,1.146484375,0,2
4596,91,-0.025390625,-0.024169921875,1.136962890625,0,2
4647,92,-0.016845703125,-0.03125,1.13623046875,0,2
4692,93,-0.016357421875,0.019287109375,1.1259765625,0,2
4744,94,-0.020263671875,-0.064208984375,1.1279296875,0,2
4795,95,-0.026123046875,0.00146484375,1.140625,0,2
4842,96,-0.0244140625,0.015869140625,1.13427734375,0,2
4890,97,-0.017578125,0.016357421875,1.136474609375,0,2
4938,98,-0.02099609375,0.026123046875,1.133056640625,0,2
4989,99,-0.00537109375,0.01708984375,1.135498046875,0,2
5038,100,-0.0087890625,0.01904296875,1.13916015625,0,2
5083,101,-0.014404296875,0.021728515625,1.13427734375,0,2
5133,102,0.064208984375,0.010986328125,1.1298828125,0,2
5180,103,0.070068359375,0.0185546875,1.135009765625,0,2
5229,104,0.072998046875,0.024658203125,1.1337890625,0,2
5278,105,0.0810546875,0.017333984375,1.13427734375,0,2
5326,106,0.083251953125,0.019775390625,1.12939453125,0,2
5377,107,0.087890625,0.019775390625,1.130126953125,0,2
5424,108,0.086669921875,0.019775390625,1.1279296875,0,2
5473,109,0.078125,0.016357421875,1.13525390625,0,2
5521,110,0.0712890625,0.01416015625,1.1337890625,0,2
5570,111,0.067626953125,0.016357421875,1.130615234375,0,2
5618,112,-0.001953125,0.0166015625,1.1357421875,0,2
5667,113,-0.011962890625,0.019287109375,1.142578125,0,2
5715,114,-0.009521484375,0.019775390625,1.1318359375,0,2
5765,115,-0.015380859375,0.0185546875,1.13232421875,0,2
5814,116,-0.02001953125,0.01611328125,1.139404296875,0,2
5913,117,-0.02197265625,0.01318359375,1.126220703125,0,2
5961,118,-0.0224609375,0.016845703125,1.128173828125,0,2
6009,119,-0.0263671875,0.017333984375,1.12841796875,0,2
6061,120,-0.03076171875,0.018798828125,1.143310546875,0,2
6108,121,-0.028564453125,0.020263671875,1.136962890625,0,2
6158,122,-0.0302734375,0.01318359375,1.1318359375,0,2
6204,123,0.030029296875,0.017822265625,1.132568359375,0,2
6252,124,-0.0244140625,0.0205078125,1.1328125,0,2
6301,125,-0.026611328125,0.014892578125,1.133056640625,0,2
6351,126,0.026611328125,0.0205078125,1.1328125,0,2
6400,127,-0.030517578125,0.0185546875,1.1279296875,0,2
6449,128,-0.028076171875,0.02001953125,1.134765625,0,2
6497,129,-0.02490234375,0.018798828125,1.1357421875,0,2
6545,130,-0.023193359375,0.0185546875,1.1396484375,0,2
6594,131,-0.011474609375,0.02001953125,1.133544921875,0,2
6643,132,-0.017822265625,0.013916015625,1.139892578125,0,2
6692,133,-0.006591796875,0.015380859375,1.13818359375,0,2
6740,134,-0.005615234375,0.015869140625,1.13720703125,0,2
6789,135,-0.001953125,0.018798828125,1.127197265625,0,2
6844,136,0.07421875,0.017822265625,1.1318359375,0,2
6891,137,0.06591796875,0.01806640625,1.132568359375,0,2
6941,138,0.075927734375,0.016357421875,1.1259765625,0,2
6985,139,0.073974609375,0.014404296875,1.13134765625,0,2
7034,140,-0.0048828125,0.021240234375,1.14111328125,0,2
7083,141,0.063720703125,0.021240234375,1.138916015625,0,2
7135,142,-0.00146484375,0.016845703125,1.132080078125,0,2
7179,143,-0.004638671875,0.01513671875,1.13232421875,0,2
7227,144,-0.009765625,0.01904296875,1.13427734375,0,2
7279,145,-0.011962890625,0.015625,1.130126953125,0,2
7326,146,-0.0224609375,0.019287109375,1.138916015625,0,2
7373,147,-0.01416015625,0.019287109375,1.128173828125,0,2
7422,148,-0.0166015625,0.018798828125,1.141357421875,0,2
7473,149,-0.025634765625,0.015380859375,1.134521484375,0,2
7520,150,-0.017578125,0.014404296875,1.127685546875,0,2
7569,151,-0.022705078125,0.021240234375,1.1298828125,0,2
7617,152,-0.02978515625,0.023681640625,1.13916015625,0,2
7665,153,-0.021484375,0.02001953125,1.128173828125,0,2
7715,154,0.0283203125,0.017333984375,1.138916015625,0,2
7771,155,0.019775390625,0.013671875,1.13623046875,0,2
7815,156,0.02978515625,0.020263671875,1.061279296875,0,2
7911,157,0.025146484375,0.018798828125,1.13720703125,0,2
8009,158,0.019775390625,0.018798828125,1.133544921875,0,2
8014,159,0.019775390625,0.018798828125,1.133544921875,0,2
8058,160,-0.087646484375,0.017578125,1.056396484375,0,2
8110,161,0.0341796875,-0.0712890625,1.076904296875,0,2
8157,162,0.022705078125,-0.0244140625,1.090576171875,0,2
8211,163,0.139404296875,0.00927734375,1.14697265625,0,2
8263,164,0.162109375,-0.070068359375,1.15625,0,2
8301,165,0.254150390625,0.01611328125,1.16064453125,0,2
8353,166,0.11328125,0.009521484375,1.142578125,0,2
8400,167,0.398681640625,-0.01513671875,1.06884765625,0,2
8448,168,0.316162109375,-0.01904296875,1.125244140625,0,2
8497,169,0.44482421875,0.0830078125,0.9345703125,0,2
8554,170,0.39990234375,0.05078125,0.990966796875,0,2
8600,171,0.4365234375,0.11376953125,1.017333984375,0,2
8645,172,0.239990234375,0.21728515625,1.107177734375,0,2
8692,173,0.170654296875,0.1611328125,0.93115234375,0,2
8742,174,0.578857421875,0.184814453125,0.927734375,0,2
8791,175,0.718994140625,0.1064453125,1.267578125,0,2
8843,176,0.9873046875,0.09130859375,1.146484375,0,2
8885,177,0.868408203125,-0.004150390625,1.063720703125,0,2
8934,178,0.82421875,0.025146484375,0.861328125,0,2
8985,179,0.807373046875,-0.080810546875,0.889404296875,0,2
9033,180,0.89111328125,-0.076416015625,0.840087890625,0,2
9080,181,0.94189453125,-0.071533203125,0.7236328125,0,2
9129,182,0.890625,-0.037109375,0.698974609375,0,2
9178,183,0.787841796875,0.016357421875,0.6279296875,0,2
9227,184,0.829345703125,-0.08154296875,0.478759765625,0,2
9278,185,0.90576171875,-0.033203125,0.518310546875,0,2
9326,186,0.851806640625,-0.142822265625,0.481689453125,0,2
9372,187,0.888427734375,-0.079345703125,0.373291015625,0,2
9421,188,0.94482421875,0.030517578125,0.416748046875,0,2
9475,189,0.881591796875,0.083984375,0.38330078125,0,2
9522,190,0.86083984375,0.111572265625,0.352783203125,0,2
9567,191,0.839599609375,0.194091796875,0.34814453125,0,2
9620,192,0.861083984375,0.156494140625,0.449951171875,0,2
9664,193,0.873779296875,0.154052734375,0.43798828125,0,2
9714,194,0.789794921875,0.037841796875,0.371826171875,0,2
9762,195,0.789794921875,0.136474609375,0.466796875,0,2
9864,196,0.874267578125,0.139404296875,0.429931640625,0,2
9909,197,1.1435546875,-0.049072265625,0.384521484375,0,2
9958,198,1.0791015625,-0.25390625,0.30615234375,0,2
10006,199,0.92138671875,-0.185546875,0.3037109375,0,2
10056,200,0.95556640625,-0.1484375,0.246826171875,0,2
10110,201,0.931640625,-0.1904296875,0.33447265625,0,2
10158,202,0.91650390625,-0.096923828125,0.452392578125,0,2
10204,203,1.066650390625,-0.08056640625,0.472900390625,0,2
10252,204,0.983642578125,-0.189453125,0.439208984375,0,2
10299,205,0.87451171875,-0.100830078125,0.348388671875,0,2
10348,206,0.91552734375,-0.079833984375,0.37060546875,0,2
10398,207,1.0634765625,-0.00634765625,0.384521484375,0,2
10445,208,1.005615234375,0.022705078125,0.302734375,0,2
10495,209,0.958740234375,0.005859375,0.390625,0,2
10542,210,0.9736328125,-0.0107421875,0.392333984375,0,2
10592,211,0.98193359375,-0.018310546875,0.40185546875,0,2
10640,212,1.02099609375,-0.07177734375,0.383056640625,0,2
10689,213,0.969970703125,-0.037109375,0.312255859375,0,2
10740,214,1.02734375,-0.13330078125,0.398193359375,0,2
10792,215,1.02001953125,-0.046630859375,0.401611328125,0,2
10838,216,1.015869140625,-0.031494140625,0.39501953125,0,2
10884,217,0.9951171875,-0.037353515625,0.385009765625,0,2
10934,218,0.9765625,-0.036865234375,0.378173828125,0,2
10983,219,1.02783203125,-0.04931640625,0.330810546875,0,2
11031,220,0.97412109375,0.00634765625,0.286865234375,0,2
11079,221,1.00390625,-0.071044921875,0.38720703125,0,2
11128,222,1.015869140625,-0.0693359375,0.384765625,0,2
11176,223,1.02685546875,-0.072021484375,0.379150390625,0,2
11225,224,1.01806640625,-0.07275390625,0.345703125,0,2
11273,225,1.021240234375,-0.068603515625,0.398681640625,0,2
11329,226,1.016845703125,-0.062744140625,0.3935546875,0,2
11372,227,1.02978515625,0.01123046875,0.399658203125,0,2
11425,228,0.970703125,0.0166015625,0.391845703125,0,2
11470,229,0.9716796875,0.00634765625,0.38720703125,0,2
11517,230,1.031005859375,0.010009765625,0.34619140625,0,2
11567,231,0.975830078125,0.016845703125,0.401123046875,0,2
11615,232,1.02880859375,0.00439453125,0.374267578125,0,2
11664,233,1.0234375,-0.074951171875,0.444580078125,0,2
11714,234,0.95068359375,-0.0634765625,0.3896484375,0,2
11814,235,0.932861328125,-0.074462890625,0.452880859375,0,2
11866,236,0.982421875,-0.064208984375,0.423583984375,0,2
11909,237,1.0078125,0.00732421875,0.443115234375,0,2
11958,238,0.90869140625,0.0048828125,0.450439453125,0,2
12005,239,0.9365234375,-0.029296875,0.459228515625,0,2
12058,240,1.0283203125,0.0244140625,0.462890625,0,2
12104,241,0.923095703125,0.02294921875,0.45361328125,0,2
12154,242,0.932373046875,0.021240234375,0.413330078125,0,2
12200,243,1.013671875,0.02099609375,0.411376953125,0,2
12249,244,1.0107421875,0.0263671875,0.4599609375,0,2
12301,245,0.93603515625,-0.0224609375,0.4677734375,0,2
12347,246,0.92626953125,0.0283203125,0.422607421875,0,2
12397,247,0.928955078125,0.01513671875,0.408447265625,0,2
12446,248,0.91845703125,-0.0244140625,0.4296875,0,2
12494,249,0.925537109375,-0.026123046875,0.42041015625,0,2
12578,250,0.933349609375,0.028076171875,0.423095703125,0,2
12615,251,0.9130859375,0.02392578125,0.41552734375,0,2
12703,252,1.0029296875,-0.01953125,0.41064453125,0,2
12707,253,1.0029296875,-0.01953125,0.41064453125,0,2
12748,254,0.927734375,-0.01318359375,0.42626953125,0,2
12792,255,0.9326171875,-0.017578125,0.427978515625,0,2
12854,256,0.929931640625,-0.007080078125,0.42431640625,0,2
12898,257,0.92431640625,-0.0107421875,0.4287109375,0,2
12948,258,1.00830078125,0.014404296875,0.423095703125,0,2
12994,259,0.934814453125,0.0048828125,0.40771484375,0,2
13040,260,1.00244140625,0.023193359375,0.413330078125,0,2
13085,261,1.003662109375,0.02978515625,0.421142578125,0,2
13146,262,0.9306640625,-0.030029296875,0.416259765625,0,2
13192,263,0.919677734375,0.02099609375,0.429931640625,0,2
13241,264,0.92578125,0.024658203125,0.430908203125,0,2
13282,265,0.935302734375,-0.024169921875,0.435546875,0,2
13338,266,0.9248046875,-0.01953125,0.4208984375,0,2
13387,267,0.9306640625,0.0302734375,0.501220703125,0,2
13428,268,0.917236328125,-0.025146484375,0.5009765625,0,2
13473,269,0.924560546875,-0.02587890625,0.504150390625,0,2
13534,270,0.93017578125,0.0302734375,0.50048828125,0,2
13583,271,0.929443359375,0.021484375,0.426025390625,0,2
13627,272,0.9248046875,-0.02978515625,0.42724609375,0,2
13669,273,0.926513671875,-0.027099609375,0.4287109375,0,2
13776,274,0.9306640625,-0.021728515625,0.421142578125,0,2
13816,275,0.927490234375,-0.02880859375,0.41845703125,0,2
13877,276,1.002685546875,-0.029541015625,0.419677734375,0,2
13923,277,0.93310546875,-0.02734375,0.415283203125,0,2
13967,278,0.933349609375,-0.022705078125,0.4150390625,0,2
14012,279,0.933837890625,-0.021484375,0.419677734375,0,2
14059,280,0.93359375,-0.01904296875,0.421875,0,2
14118,281,0.93701171875,-0.012451171875,0.420166015625,0,2
14168,282,1.0126953125,-0.017578125,0.45703125,0,2
14212,283,1.00927734375,-0.02685546875,0.462158203125,0,2
14254,284,0.920654296875,-0.0107421875,0.501708984375,0,2
14314,285,1.003173828125,-0.01904296875,0.419189453125,0,2
14362,286,0.928955078125,-0.023681640625,0.420166015625,0,2
14405,287,0.916259765625,-0.021728515625,0.423095703125,0,2
14445,288,1.01025390625,-0.012451171875,0.46826171875,0,2
14508,289,0.935302734375,-0.012939453125,0.468505859375,0,2
14553,290,1.001220703125,-0.01708984375,0.45458984375,0,2
14596,291,0.9326171875,0.029541015625,0.466796875,0,2
14658,292,0.935791015625,-0.02734375,0.46826171875,0,2
14704,293,1.00439453125,0.028564453125,0.4580078125,0,2
14754,294,1.004638671875,-0.0302734375,0.455322265625,0,2
14799,295,0.934326171875,-0.02099609375,0.4658203125,0,2
14840,296,1.001708984375,-0.02734375,0.410400390625,0,2
14901,297,0.9365234375,-0.028564453125,0.468017578125,0,2
14946,298,1.00048828125,-0.0224609375,0.466064453125,0,2
14991,299,0.9306640625,-0.028076171875,0.427490234375,0,2
129,1,0.859375,-0.6796875,2.3515625,1,2
151,2,0.859375,-0.6796875,2.3515625,1,2
162,3,0.6484375,3.859375,2.0625,1,2
207,4,-2.7890625,6.734375,-0.3125,1,2
257,5,-1.6171875,4.234375,0.7734375,1,2
305,6,-4.0625,-2.3671875,0.3984375,1,2
355,7,-1.640625,0.328125,-0.59375,1,2
404,8,-1.359375,-1.546875,-0.140625,1,2
453,9,-2.0859375,-0.9921875,2.3125,1,2
500,10,0.875,-1.1953125,2.015625,1,2
553,11,-0.625,-1.3984375,2.2265625,1,2
598,12,0.8359375,-3.15625,-0.515625,1,2
647,13,-2.0703125,-8.78125,-0.6796875,1,2
696,14,-2.578125,-3.7578125,0.90625,1,2
745,15,-2.75,-3.6796875,0.59375,1,2
795,16,-2.5390625,-3.4140625,0.3984375,1,2
843,17,-2.9140625,2.1015625,0.7578125,1,2
891,18,-2.21875,1.1953125,-0.625,1,2
940,19,-2.7265625,1.03125,0.7109375,1,2
988,20,-2.6171875,2.109375,0.7890625,1,2
1037,21,-2.359375,1.3671875,-0.8828125,1,2
1087,22,-2.609375,4.703125,0.953125,1,2
1134,23,-1.21875,-0.1484375,0.328125,1,2
1183,24,-4.375,-0.9765625,0.4921875,1,2
1232,25,-3.2265625,-1.8515625,-2.3984375,1,2
1281,26,-3.9140625,-6.1640625,-2.5390625,1,2
1330,27,-8.1953125,-1.7109375,-2.859375,1,2
1378,28,-7.328125,-9.296875,-1.1484375,1,2
1427,29,-7.7109375,-5.6484375,0.171875,1,2
1476,30,-12.296875,-8.4453125,-4.8515625,1,2
1526,31,-7.8359375,-11.796875,-7.453125,1,2
1573,32,-5.296875,-10.921875,-8.140625,1,2
1621,33,-1.3828125,-10.4453125,-3.171875,1,2
1672,34,5.796875,2.359375,-5.796875,1,2
1718,35,10.4765625,9.4453125,-4.328125,1,2
1768,36,15.5546875,6.40625,-0.78125,1,2
1817,37,26.1328125,4.0546875,9.546875,1,2
1867,38,21.359375,6.21875,15.8125,1,2
1915,39,21.015625,0.3203125,16.9296875,1,2
2014,40,7.6328125,-8.6953125,7.0234375,1,2
2063,41,5.234375,3.21875,4.0234375,1,2
2118,42,-31.8203125,51.1484375,-16.4765625,1,2
2168,43,-19.375,21.703125,-17.5703125,1,2
2208,44,-21.875,45.5,-17.6796875,1,2
2259,45,-25.71875,53.046875,-14.1640625,1,2
2319,46,-30.6328125,56.421875,-16.75,1,2
2361,47,-45.421875,66.90625,-1.5546875,1,2
2403,48,-49.140625,102.109375,-11.953125,1,2
2456,49,-34.296875,68.015625,4.640625,1,2
2501,50,-44.140625,122.3671875,0.453125,1,2
2553,51,-26.28125,107.65625,5,1,2
2604,52,-19.421875,105.9296875,-8.40625,1,2
2653,53,-6.2890625,89.109375,0.6171875,1,2
2701,54,-1.734375,72.3125,-0.1953125,1,2
2744,55,-3.1796875,88.1796875,-3.109375,1,2
2793,56,0.46875,83.8984375,9.3046875,1,2
2842,57,4.484375,89.7890625,5.765625,1,2
2889,58,9.59375,36.8515625,9.328125,1,2
2938,59,3.0703125,35.0859375,-3.40625,1,2
2987,60,18.984375,79.90625,8.671875,1,2
3035,61,10.875,89.125,-5.03125,1,2
3084,62,9.875,42.8984375,-18.359375,1,2
3133,63,-0.4921875,-131.8359375,12.1640625,1,2
3188,64,-14.796875,-40.9296875,29.25,1,2
3241,65,3.8359375,-40.421875,-8.7421875,1,2
3280,66,10.0234375,52.46875,-6.421875,1,2
3329,67,2.796875,56.578125,7.453125,1,2
3384,68,12.296875,2.0859375,14.4609375,1,2
3430,69,19.8671875,9.21875,12.0078125,1,2
3480,70,-0.2265625,23.875,10.7265625,1,2
3535,71,-5.7421875,15.03125,-1.109375,1,2
3580,72,-18.09375,32.203125,-8.2265625,1,2
3621,73,-24.890625,29.625,-2.84375,1,2
3669,74,-10.6328125,20.7578125,3.984375,1,2
3719,75,-14.046875,15.21875,14.03125,1,2
3769,76,-9.4140625,14.6875,14.578125,1,2
3816,77,-5.2890625,19.25,10.1015625,1,2
3871,78,-8.7890625,27.234375,1.421875,1,2
3965,79,0.625,16.4453125,10.6953125,1,2
4013,80,2.0625,5.78125,-0.921875,1,2
4070,81,4.9296875,1.203125,2.921875,1,2
4108,82,10.2734375,-4.9375,-3.546875,1,2
4157,83,7.3984375,-6.21875,-6.890625,1,2
4211,84,1.140625,27.796875,-7.4375,1,2
4255,85,-3.5703125,31.484375,-13.03125,1,2
4303,86,0.375,2.3203125,2.9765625,1,2
4353,87,-0.109375,-7.265625,4.8203125,1,2
4434,88,-4.1171875,5.1171875,2.6796875,1,2
4451,89,-2.2890625,5.203125,6.3125,1,2
4498,90,-0.9375,4.0703125,3.78125,1,2
4547,91,0.0390625,-0.65625,2.8515625,1,2
4597,92,-1.3125,2.0703125,0.515625,1,2
4650,93,-4.171875,-2.234375,-0.875,1,2
4693,94,-1.8046875,-0.96875,-0.2421875,1,2
4746,95,-2.34375,-0.2734375,-0.6875,1,2
4797,96,-1.0703125,-2.3046875,0.59375,1,2
4844,97,-2.9140625,-4.0625,-2.0625,1,2
4892,98,-2.3828125,-6.5625,-0.765625,1,2
4940,99,0.0234375,-3.21875,2.1875,1,2
4991,100,-1.3046875,-1.84375,0.2421875,1,2
5040,101,-2.359375,-4.6328125,-0.9296875,1,2
5084,102,-2.8984375,-6.6953125,-2.71875,1,2
5134,103,-1.2421875,-7.421875,-2.390625,1,2
5181,104,0.2109375,-8.1171875,0.984375,1,2
5230,105,-2.921875,-3.765625,0.828125,1,2
5280,106,-2.640625,-4.7890625,-0.6953125,1,2
5328,107,-2.734375,-2.375,-0.5,1,2
5378,108,-2.6640625,2.171875,0.6171875,1,2
5425,109,-2.5546875,3.5625,0.90625,1,2
5474,110,-2.265625,6.390625,-0.59375,1,2
5522,111,-2.7890625,3.7890625,-0.9609375,1,2
5571,112,-2.7265625,6.3515625,-0.84375,1,2
5619,113,-2.9921875,8.6640625,-0.03125,1,2
5668,114,-2.8671875,3.9375,0.7421875,1,2
5716,115,-2.265625,3.7578125,-0.5625,1,2
5765,116,-1.3125,6.3203125,0.7890625,1,2
5814,117,-1.140625,1.953125,-0.390625,1,2
5914,118,-2.3046875,4.3984375,-1,1,2
5962,119,-2.4609375,1.5390625,-0.421875,1,2
6010,120,-2.7890625,1.4921875,0.90625,1,2
6062,121,-1.0078125,2.5078125,-0.875,1,2
6110,122,-1.15625,2.6796875,0.9921875,1,2
6160,123,-2.3828125,-0.0546875,-0.671875,1,2
6205,124,0.140625,0.3828125,-0.484375,1,2
6253,125,-2.7421875,-1,0.7421875,1,2
6302,126,-2.3046875,-0.046875,0.8203125,1,2
6352,127,-1.109375,0.6171875,0.0859375,1,2
6401,128,-2.25,-4.15625,0.4375,1,2
6450,129,-2.734375,-4.4453125,0.671875,1,2
6499,130,-2.7578125,-3.0625,0.7421875,1,2
6546,131,-2.484375,-4.1015625,0.953125,1,2
6595,132,-2.578125,-3.8359375,0.6171875,1,2
6645,133,-1.3046875,-1.8984375,0.9375,1,2
6693,134,-1.2578125,-3.5,0.7890625,1,2
6741,135,-2.8828125,-5.59375,0.8984375,1,2
6790,136,-2.578125,-6.8515625,0.78125,1,2
6846,137,-2.40625,-3.4296875,0.84375,1,2
6893,138,-1.1328125,-1.421875,-0.5859375,1,2
6943,139,-2.625,-0.59375,0.796875,1,2
6987,140,-2.65625,3.9375,-0.6484375,1,2
7036,141,-1.671875,6.46875,0.2734375,1,2
7085,142,-2.5078125,2.78125,0.90625,1,2
7137,143,-2.8671875,1.390625,0.7109375,1,2
7180,144,-1.3984375,6.6015625,-0.90625,1,2
7229,145,-1.03125,3.28125,-0.9375,1,2
7280,146,-2.578125,4.4375,-0.609375,1,2
7327,147,-2.6796875,4.328125,-0.8046875,1,2
7374,148,-1.109375,4.9765625,-0.9296875,1,2
7423,149,-1.4921875,1.8125,-0.6875,1,2
7475,150,-1.2109375,-0.7578125,-0.4921875,1,2
7522,151,-2.40625,0.8359375,-0.6171875,1,2
7569,152,-1.1640625,4.3125,0.8828125,1,2
7618,153,-2.53125,-0.0703125,-0.765625,1,2
7666,154,-2.6640625,3.2421875,-0.984375,1,2
7716,155,-1.5546875,3.2890625,-0.8828125,1,2
7773,156,-2.90625,2.890625,-0.96875,1,2
7816,157,-2.328125,2.6328125,0.90625,1,2
7912,158,-2.6015625,-0.8828125,-0.875,1,2
8010,159,0.21875,-1.546875,-0.109375,1,2
8016,160,0.21875,-1.546875,-0.109375,1,2
8060,161,5.7578125,-39.7109375,0.3828125,1,2
8112,162,-5,-45.5390625,6.4296875,1,2
8158,163,-17.3046875,-40.390625,6.5859375,1,2
8214,164,-13.5390625,-72.484375,1.2734375,1,2
8265,165,-16.3359375,-57.5625,0.8203125,1,2
8302,166,-18.5,-54.03125,-3.8515625,1,2
8355,167,-14.4375,-65.6796875,-5.9375,1,2
8401,168,-18.3984375,-50.6328125,5.578125,1,2
8450,169,-15.6484375,-39.7109375,-5.7421875,1,2
8498,170,-11.4921875,-37.9140625,9.796875,1,2
8557,171,-11.8984375,-40.5625,-5.46875,1,2
8603,172,-16.2734375,-47.84375,-11.4296875,1,2
8646,173,-17.859375,14.65625,-24.5625,1,2
8693,174,26.1015625,-72.4921875,-13.359375,1,2
8744,175,23.8359375,-49.6171875,-0.921875,1,2
8792,176,36.3984375,-58.5390625,4.8515625,1,2
8845,177,32.0859375,-50.7109375,7.453125,1,2
8886,178,5.6015625,-3.5390625,-3.40625,1,2
8935,179,-1.3046875,-67.0390625,-20.15625,1,2
8987,180,1.171875,-104.703125,-11.1875,1,2
9034,181,-4.421875,-92.8359375,-3.9375,1,2
9081,182,3.8203125,-104.7890625,-0.9453125,1,2
9130,183,3.6484375,-100.59375,-3.078125,1,2
9179,184,-11.2890625,-62.3828125,10.03125,1,2
9228,185,3.265625,-61.734375,13.5546875,1,2
9280,186,-6.8046875,-38.8359375,1.7578125,1,2
9327,187,-24.6171875,-2,0.359375,1,2
9373,188,-17.875,0.46875,-7.625,1,2
9422,189,-30.734375,6.546875,-4.1328125,1,2
9476,190,-24.484375,7.9140625,-7.40625,1,2
9523,191,-17.5,-2.421875,-4.2890625,1,2
9568,192,-20.9140625,7.640625,2.578125,1,2
9621,193,0.34375,-20.6484375,-1.8515625,1,2
9665,194,3.4375,-11.1875,-5.7578125,1,2
9715,195,11.84375,-4.625,6.84375,1,2
9763,196,5.515625,-16.890625,-6.1171875,1,2
9866,197,12.2890625,-17.7578125,-16.6484375,1,2
9911,198,20.1015625,-44.375,-11.4296875,1,2
9959,199,-4.9921875,20.375,0.7578125,1,2
10007,200,-7.078125,-15.1328125,-20.203125,1,2
10057,201,0.28125,-5.1640625,-21.40625,1,2
10112,202,-17.609375,18.859375,-13.921875,1,2
10159,203,-24.0546875,2.609375,-6.328125,1,2
10206,204,-16.03125,-21.3125,-10.6640625,1,2
10253,205,-9.5546875,-4.6484375,-7.8125,1,2
10300,206,-25.6875,0.1484375,2.96875,1,2
10349,207,-19.609375,-2.3984375,9.9765625,1,2
10399,208,-9.9765625,-5.8203125,2.2421875,1,2
10446,209,-5.7109375,13.421875,-1.515625,1,2
10496,210,-5.9765625,-2.0078125,-10.7734375,1,2
10543,211,3.28125,-21.875,-4.1640625,1,2
10594,212,22.5390625,-5.3984375,8.9765625,1,2
10641,213,22.0703125,-3.3984375,10.375,1,2
10690,214,24.921875,-7.2109375,5.6796875,1,2
10741,215,20.71875,1.390625,7.2265625,1,2
10794,216,9.859375,-6.1640625,8.9765625,1,2
10839,217,5.921875,-10.7578125,6.2421875,1,2
10885,218,-2.5859375,-15.8359375,-2.703125,1,2
10935,219,-20.0234375,1.40625,-3.0859375,1,2
10984,220,-5.8359375,0.5625,0.203125,1,2
11032,221,-7.359375,3.765625,-3.0859375,1,2
11079,222,-6.03125,12.4140625,-2.953125,1,2
11130,223,-4.09375,1.75,0.5,1,2
11177,224,-6.640625,8.7421875,0.171875,1,2
11226,225,-4.859375,5.609375,2.015625,1,2
11274,226,-6.3125,2.1015625,2.7265625,1,2
11331,227,-3.2578125,0.34375,4.1328125,1,2
11373,228,-1.3125,0.1484375,4.7109375,1,2
11427,229,4.4765625,2.8046875,3.28125,1,2
11471,230,3.65625,5.03125,4.3671875,1,2
11518,231,5.1953125,5.9921875,1.484375,1,2
11569,232,5.6484375,8.671875,3.390625,1,2
11616,233,9.484375,9.40625,7.1484375,1,2
11665,234,10.5078125,11.2109375,11.140625,1,2
11715,235,11.15625,-1.1171875,7.609375,1,2
11816,236,7.578125,4.1875,3.328125,1,2
11869,237,-0.171875,7.546875,2.5625,1,2
11910,238,0.1484375,5.578125,1.3828125,1,2
11959,239,-4.03125,6.0859375,2.984375,1,2
12006,240,0.09375,-1.3125,2.0234375,1,2
12060,241,-2.8984375,3.078125,-0.1171875,1,2
12105,242,-1.1484375,6.5859375,2.3984375,1,2
12156,243,-2.015625,4.515625,-0.40625,1,2
12201,244,-4.5078125,6.140625,-0.765625,1,2
12250,245,-1.640625,6.0625,-2.625,1,2
12303,246,-8.21875,3.03125,-4.609375,1,2
12349,247,-3.453125,5.2578125,-1.4921875,1,2
12399,248,0.734375,9.7890625,0.6015625,1,2
12448,249,0.75,5.2734375,0.6796875,1,2
12495,250,1.7421875,2.921875,2.6484375,1,2
12578,251,2.1015625,0.25,-0.0625,1,2
12616,252,0.6875,-3.90625,2.6328125,1,2
12704,253,1.6328125,-4.203125,1.203125,1,2
12708,254,1.6328125,-4.203125,1.203125,1,2
12749,255,6.015625,-0.0625,4.6640625,1,2
12794,256,7.3203125,-4.1171875,6.8125,1,2
12854,257,11.2265625,-4.2109375,7.703125,1,2
12899,258,14.7421875,-2.8046875,10.03125,1,2
12949,259,14.9453125,-0.21875,10.1875,1,2
12994,260,9.8359375,-2.15625,8.3671875,1,2
13041,261,8.640625,4.1796875,3.5390625,1,2
13086,262,10.2421875,-0.828125,3.2578125,1,2
13147,263,8.125,3.84375,3.1171875,1,2
13193,264,6.125,3.765625,4.640625,1,2
13242,265,4.7734375,-0.6953125,1.6640625,1,2
13283,266,1.8125,0.8125,1.3046875,1,2
13339,267,3.2109375,-2.171875,1.8203125,1,2
13387,268,1.140625,2.1171875,1.4375,1,2
13429,269,1.3203125,2.1953125,1.3125,1,2
13473,270,2.109375,-2.6015625,2.3203125,1,2
13535,271,0.4375,2.0078125,2.703125,1,2
13584,272,-1.1328125,0.8515625,0.8359375,1,2
13627,273,-4.9375,-1.15625,-2.5859375,1,2
13670,274,-6.2109375,-1.53125,-2.453125,1,2
13776,275,-8.1015625,-2.53125,-2.9140625,1,2
13818,276,-7.9921875,0.0625,-4.1015625,1,2
13878,277,-10.8125,0.4140625,-3.296875,1,2
13924,278,-12.296875,0.0546875,-3.46875,1,2
13968,279,-11.5546875,-2.7265625,-3.6015625,1,2
14013,280,-9.953125,-1.71875,-3.1796875,1,2
14060,281,-9.2265625,-4.546875,-4.453125,1,2
14119,282,-10.46875,-3.4375,-4.3046875,1,2
14168,283,-8.703125,0.1953125,-1.8203125,1,2
14213,284,-8.8046875,5.3671875,-4.421875,1,2
14255,285,-5.53125,-0.8828125,-1.1640625,1,2
14315,286,-3.7578125,2.03125,-2.28125,1,2
14363,287,-4.1328125,0.6484375,-1.4375,1,2
14405,288,-2.546875,-4.921875,0.6875,1,2
14446,289,-2.0546875,-2.4296875,0.8359375,1,2
14509,290,-0.234375,-2.1953125,-0.9375,1,2
14554,291,2.0234375,-1.375,-0.5234375,1,2
14598,292,2.15625,0.796875,2.1875,1,2
14659,293,0.0703125,0.375,2.1015625,1,2
14705,294,0.109375,0.7890625,-0.484375,1,2
14755,295,-2.8203125,1.3203125,0.5859375,1,2
14800,296,-1.140625,1.046875,0.2890625,1,2
14841,297,-2.8125,1.6015625,0.671875,1,2
14901,298,-2.578125,2.4296875,0.5625,1,2
14947,299,-1.1171875,1.625,0.6796875,1,2
14992,300,-1.578125,4.5859375,0.546875,1,2
130,1,89.33333587646484,-136.3333282470703,-57.66666793823242,2,2
151,2,89.33333587646484,-136.3333282470703,-57.66666793823242,2,2
163,3,88.33333587646484,-136.5,-57.16666793823242,2,2
208,4,88.33333587646484,-136.5,-58.66666793823242,2,2
257,5,87.83333587646484,-136.5,-58,2,2
307,6,88.66666412353516,-136.5,-59.5,2,2
356,7,87.33333587646484,-137.1666717529297,-58.83333206176758,2,2
406,8,88.83333587646484,-136.6666717529297,-58.16666793823242,2,2
454,9,87.5,-136.1666717529297,-58.33333206176758,2,2
501,10,87.5,-136.5,-58.33333206176758,2,2
554,11,88.83333587646484,-135.8333282470703,-58.16666793823242,2,2
599,12,87.66666412353516,-134.6666717529297,-58.5,2,2
648,13,87.83333587646484,-135.3333282470703,-57.16666793823242,2,2
697,14,87.5,-136.8333282470703,-56,2,2
746,15,88.83333587646484,-137.1666717529297,-57.33333206176758,2,2
796,16,87.66666412353516,-134.6666717529297,-57.66666793823242,2,2
844,17,88.66666412353516,-136.1666717529297,-56.83333206176758,2,2
892,18,86.5,-136.6666717529297,-55.83333206176758,2,2
941,19,88.5,-135.8333282470703,-55.5,2,2
989,20,88.5,-135.5,-58.5,2,2
1038,21,88,-136.3333282470703,-58.16666793823242,2,2
1088,22,88.66666412353516,-136.8333282470703,-57.16666793823242,2,2
1135,23,87.83333587646484,-136.1666717529297,-58.66666793823242,2,2
1184,24,88.5,-136.6666717529297,-56.5,2,2
1233,25,88.66666412353516,-135.6666717529297,-58.66666793823242,2,2
1282,26,87.5,-136.5,-58,2,2
1331,27,89.33333587646484,-135.1666717529297,-57.33333206176758,2,2
1379,28,87.66666412353516,-136.3333282470703,-59.33333206176758,2,2
1428,29,88,-135.5,-55.5,2,2
1477,30,86.16666412353516,-135.5,-57.66666793823242,2,2
1528,31,86.66666412353516,-134.8333282470703,-56,2,2
1574,32,88,-135.5,-56.16666793823242,2,2
1622,33,87.83333587646484,-134.8333282470703,-57.16666793823242,2,2
1673,34,87.5,-135.3333282470703,-55.66666793823242,2,2
1719,35,88,-135.1666717529297,-56.5,2,2
1771,36,87.83333587646484,-136.8333282470703,-54.83333206176758,2,2
1818,37,88.5,-136.3333282470703,-53.83333206176758,2,2
1869,38,89.5,-136.5,-56.83333206176758,2,2
1916,39,90.33333587646484,-134.1666717529297,-57.16666793823242,2,2
2015,40,90,-133.8333282470703,-55,2,2
2064,41,89.33333587646484,-137.1666717529297,-55.83333206176758,2,2
2120,42,90,-136.6666717529297,-55,2,2
2170,43,87.83333587646484,-135.3333282470703,-56.33333206176758,2,2
2209,44,88.66666412353516,-136.5,-58,2,2
2260,45,90,-137.1666717529297,-59.33333206176758,2,2
2321,46,89.66666412353516,-139.8333282470703,-63.83333206176758,2,2
2363,47,88.33333587646484,-140.8333282470703,-21.83333396911621,2,2
2404,48,42.5,-141.6666717529297,-23.33333396911621,2,2
2458,49,40.5,-145.3333282470703,-28.66666603088379,2,2
2502,50,38.66666793823242,-148.3333282470703,-31.16666603088379,2,2
2555,51,36.33333206176758,-148.6666717529297,-33.83333206176758,2,2
2605,52,36.66666793823242,-112.8333358764648,-37.33333206176758,2,2
2657,53,33.16666793823242,-115.1666641235352,-38.16666793823242,2,2
2704,54,33.16666793823242,-118.3333358764648,-39.33333206176758,2,2
2746,55,32.5,-121,-38.66666793823242,2,2
2795,56,33.16666793823242,-122.8333358764648,-41.5,2,2
2843,57,34.16666793823242,-123.8333358764648,-40.16666793823242,2,2
2890,58,32.5,-170.8333282470703,-39.83333206176758,2,2
2939,59,33.16666793823242,-171,-39.66666793823242,2,2
2987,60,32.16666793823242,-172.8333282470703,-41,2,2
3036,61,32.66666793823242,-177,-40,2,2
3085,62,34.16666793823242,-178.5,-38.33333206176758,2,2
3134,63,33.16666793823242,-181.8333282470703,-35,2,2
3190,64,33.83333206176758,-177.5,-40.83333206176758,2,2
3242,65,33.33333206176758,-172.8333282470703,-41.33333206176758,2,2
3282,66,35.5,-174.3333282470703,-85.83333587646484,2,2
3331,67,36.5,-172.5,-86.66666412353516,2,2
3386,68,35.16666793823242,-172.6666717529297,-42,2,2
3432,69,36.33333206176758,-176.3333282470703,-40,2,2
3482,70,39,-175.8333282470703,-40.83333206176758,2,2
3538,71,37.33333206176758,-178.5,-39.5,2,2
3581,72,37.5,-177.8333282470703,-37.33333206176758,2,2
3622,73,35.5,-177,-38.5,2,2
3670,74,35.16666793823242,-178.6666717529297,-38.16666793823242,2,2
3720,75,34.16666793823242,-181.6666717529297,-37.5,2,2
3771,76,34.83333206176758,-180.8333282470703,-36.33333206176758,2,2
3817,77,35.83333206176758,-179.5,-36.16666793823242,2,2
3873,78,36.33333206176758,-181.8333282470703,-36.5,2,2
3966,79,35.83333206176758,-181.5,-33.16666793823242,2,2
4014,80,35.5,-182.3333282470703,-35.5,2,2
4072,81,36,-181.6666717529297,-34,2,2
4109,82,37.33333206176758,-182,-34.5,2,2
4159,83,35.33333206176758,-183.3333282470703,-33.66666793823242,2,2
4212,84,37.66666793823242,-183.6666717529297,-35.16666793823242,2,2
4256,85,36,-180.5,-33.66666793823242,2,2
4304,86,36.66666793823242,-182.3333282470703,-33.83333206176758,2,2
4355,87,37,-183.5,-33.16666793823242,2,2
4436,88,35.5,-183.8333282470703,-31.16666603088379,2,2
4452,89,35.83333206176758,-181.8333282470703,-31.5,2,2
4499,90,36.66666793823242,-183.8333282470703,-30.83333396911621,2,2
4548,91,37.5,-183.5,-32.33333206176758,2,2
4598,92,37.33333206176758,-184.5,-32.16666793823242,2,2
4651,93,37.83333206176758,-183.5,-31.16666603088379,2,2
4694,94,36.83333206176758,-184,-31.83333396911621,2,2
4748,95,38.5,-184.5,-32.16666793823242,2,2
4799,96,38.5,-183.6666717529297,-30.66666603088379,2,2
4846,97,37.5,-183.8333282470703,-31.5,2,2
4894,98,36.83333206176758,-183.3333282470703,-29.5,2,2
4941,99,37.83333206176758,-183,-32.66666793823242,2,2
4993,100,36,-183.3333282470703,-31.33333396911621,2,2
5041,101,36.83333206176758,-184.8333282470703,-31.83333396911621,2,2
5085,102,36.33333206176758,-182.3333282470703,-30.5,2,2
5136,103,37,-183.8333282470703,-30.83333396911621,2,2
5182,104,35.83333206176758,-183,-33.5,2,2
5231,105,36.83333206176758,-181.6666717529297,-34,2,2
5281,106,36.66666793823242,-181.5,-31.5,2,2
5329,107,36.66666793823242,-182.3333282470703,-34.66666793823242,2,2
5380,108,36.5,-182.8333282470703,-32.5,2,2
5426,109,37.33333206176758,-182.8333282470703,-33,2,2
5475,110,37.66666793823242,-182.8333282470703,-33.33333206176758,2,2
5523,111,37.5,-183,-32.33333206176758,2,2
5572,112,36.83333206176758,-182.5,-32.5,2,2
5620,113,37.83333206176758,-183.5,-32,2,2
5669,114,37.83333206176758,-184.6666717529297,-32,2,2
5716,115,36.5,-184,-33.33333206176758,2,2
5766,116,37.83333206176758,-183.8333282470703,-30,2,2
5815,117,38,-184.8333282470703,-31,2,2
5915,118,37.83333206176758,-183.5,-30.83333396911621,2,2
5964,119,36.83333206176758,-185.3333282470703,-32.16666793823242,2,2
6011,120,37.5,-183.8333282470703,-29.66666603088379,2,2
6064,121,38.66666793823242,-183.5,-30.5,2,2
6111,122,37.66666793823242,-183.3333282470703,-31,2,2
6162,123,38.5,-182.5,-30.66666603088379,2,2
6206,124,37.33333206176758,-182,-31.33333396911621,2,2
6254,125,36.66666793823242,-183,-29.66666603088379,2,2
6303,126,37,-183,-31.5,2,2
6353,127,36.5,-184,-29.83333396911621,2,2
6403,128,36.66666793823242,-184.6666717529297,-32.33333206176758,2,2
6451,129,35.83333206176758,-183.8333282470703,-30.83333396911621,2,2
6500,130,37.83333206176758,-183.5,-32.66666793823242,2,2
6547,131,38.33333206176758,-183,-32,2,2
6596,132,37.83333206176758,-184.3333282470703,-32.66666793823242,2,2
6646,133,35.83333206176758,-183.5,-31.16666603088379,2,2
6694,134,36.5,-183.3333282470703,-31.33333396911621,2,2
6741,135,35.66666793823242,-182,-31,2,2
6791,136,38,-183.3333282470703,-31.83333396911621,2,2
6848,137,35.83333206176758,-181.5,-32.33333206176758,2,2
6894,138,37.66666793823242,-184,-34,2,2
6945,139,38.83333206176758,-182.5,-31.83333396911621,2,2
6988,140,36.66666793823242,-182.3333282470703,-33.5,2,2
7038,141,37.5,-184.3333282470703,-32.33333206176758,2,2
7086,142,35.5,-183.5,-32,2,2
7139,143,36.33333206176758,-183.5,-31.5,2,2
7181,144,36.83333206176758,-183.6666717529297,-32.5,2,2
7230,145,35.66666793823242,-182,-31.33333396911621,2,2
7281,146,37.33333206176758,-182,-31.83333396911621,2,2
7328,147,36.5,-184.8333282470703,-31,2,2
7376,148,35.83333206176758,-184.6666717529297,-32.33333206176758,2,2
7424,149,39,-184.3333282470703,-32,2,2
7476,150,36.83333206176758,-183.3333282470703,-31,2,2
7523,151,35.66666793823242,-184.5,-31.33333396911621,2,2
7570,152,37.66666793823242,-184,-29.83333396911621,2,2
7622,153,35.5,-185.8333282470703,-30,2,2
7667,154,37.5,-182.6666717529297,-31.16666603088379,2,2
7717,155,37.5,-183,-29.66666603088379,2,2
7776,156,39.5,-184.6666717529297,-30.83333396911621,2,2
7817,157,36.5,-184.8333282470703,-31,2,2
7915,158,37.33333206176758,-183.6666717529297,-32.16666793823242,2,2
8012,159,37.33333206176758,-184,-30.66666603088379,2,2
8017,160,37.33333206176758,-184,-30.66666603088379,2,2
8062,161,35.5,-184.6666717529297,-30.83333396911621,2,2
8113,162,38.5,-184,-31.83333396911621,2,2
8160,163,37.83333206176758,-183.8333282470703,-31.5,2,2
8217,164,38.83333206176758,-180.8333282470703,-35.66666793823242,2,2
8268,165,34.33333206176758,-180.3333282470703,-36.16666793823242,2,2
8303,166,37.5,-176.3333282470703,-38.83333206176758,2,2
8356,167,35.16666793823242,-176.3333282470703,-41.5,2,2
8403,168,35.83333206176758,-175,-87.66666412353516,2,2
8451,169,34.33333206176758,-173,-87.66666412353516,2,2
8500,170,32.66666793823242,-171.8333282470703,-88.83333587646484,2,2
8559,171,33.66666793823242,-126.6666641235352,-89,2,2
8606,172,33.5,-126.8333358764648,-89.16666412353516,2,2
8648,173,31.5,-124.3333358764648,-89.66666412353516,2,2
8695,174,31,-124.6666641235352,-91,2,2
8745,175,31.5,-123.1666641235352,-88.83333587646484,2,2
8793,176,33.33333206176758,-122.1666641235352,-86.66666412353516,2,2
8847,177,32.66666793823242,-122,-86.5,2,2
8888,178,37.33333206176758,-120.1666641235352,-41.83333206176758,2,2
8935,179,37.33333206176758,-117.8333358764648,-41.33333206176758,2,2
8989,180,37.33333206176758,-117,-39.5,2,2
9035,181,36.83333206176758,-115.3333358764648,-40.16666793823242,2,2
9082,182,37.83333206176758,-112.3333358764648,-37.33333206176758,2,2
9131,183,38.66666793823242,-108.8333358764648,-36.5,2,2
9180,184,40.83333206176758,-147.6666717529297,-34,2,2
9229,185,39.83333206176758,-145.5,-32.33333206176758,2,2
9281,186,39.33333206176758,-144.5,-33.33333206176758,2,2
9328,187,36.66666793823242,-142.6666717529297,-29.66666603088379,2,2
9373,188,38,-142.5,-29.5,2,2
9423,189,37.33333206176758,-140.1666717529297,-29.5,2,2
9478,190,38.5,-143.6666717529297,-30.66666603088379,2,2
9525,191,37,-143.5,-30.5,2,2
9569,192,35.33333206176758,-143.6666717529297,-32.16666793823242,2,2
9622,193,36,-143.3333282470703,-31.83333396911621,2,2
9665,194,34.16666793823242,-142.5,-28.33333396911621,2,2
9716,195,37.33333206176758,-144.5,-29.5,2,2
9764,196,38,-140.8333282470703,-28.66666603088379,2,2
9868,197,35.5,-143.8333282470703,-30,2,2
9912,198,37.33333206176758,-140.1666717529297,-26.33333396911621,2,2
9960,199,37.83333206176758,-141.5,-26.66666603088379,2,2
10008,200,38.33333206176758,-140.3333282470703,-25.5,2,2
10058,201,39,-141.8333282470703,-25.5,2,2
10114,202,40,-141.3333282470703,-23.66666603088379,2,2
10161,203,39.83333206176758,-141.5,-23.16666603088379,2,2
10208,204,38.33333206176758,-141.5,-25.5,2,2
10255,205,38.83333206176758,-140.8333282470703,-25.16666603088379,2,2
10301,206,38.83333206176758,-140.5,-24.83333396911621,2,2
10350,207,37,-141.1666717529297,-25,2,2
10401,208,37,-140.6666717529297,-24.66666603088379,2,2
10446,209,36.5,-139.3333282470703,-27.5,2,2
10497,210,35.5,-138.6666717529297,-27.33333396911621,2,2
10544,211,34.16666793823242,-139.6666717529297,-26,2,2
10595,212,36,-140.1666717529297,-24.83333396911621,2,2
10642,213,36.33333206176758,-141.5,-25.83333396911621,2,2
10691,214,38.66666793823242,-137.5,-25,2,2
10743,215,38.33333206176758,-138.6666717529297,-23.83333396911621,2,2
10796,216,39.83333206176758,-139.8333282470703,-22.33333396911621,2,2
10840,217,40.33333206176758,-137.5,-22.66666603088379,2,2
10886,218,41,-137.8333282470703,-22,2,2
10936,219,40.66666793823242,-137.8333282470703,-21.66666603088379,2,2
10986,220,39.33333206176758,-140.1666717529297,-63.33333206176758,2,2
11034,221,38,-139.3333282470703,-63.66666793823242,2,2
11080,222,38.5,-138.8333282470703,-23,2,2
11131,223,38.33333206176758,-138.6666717529297,-23.16666603088379,2,2
11177,224,39.83333206176758,-139.1666717529297,-23.83333396911621,2,2
11227,225,38.33333206176758,-137.8333282470703,-21.66666603088379,2,2
11275,226,37.83333206176758,-141.5,-23.5,2,2
11333,227,36.66666793823242,-139.8333282470703,-23.16666603088379,2,2
11375,228,38.33333206176758,-139.1666717529297,-25,2,2
11429,229,37.83333206176758,-141.5,-25.5,2,2
11472,230,37.5,-142.3333282470703,-24.33333396911621,2,2
11519,231,39.5,-140.3333282470703,-23.5,2,2
11570,232,39.5,-141.1666717529297,-23.5,2,2
11616,233,37.33333206176758,-139.3333282470703,-23,2,2
11666,234,38.33333206176758,-141.5,-25,2,2
11717,235,39,-141.5,-25.5,2,2
11818,236,39.83333206176758,-140.3333282470703,-23.16666603088379,2,2
11871,237,39.33333206176758,-140.1666717529297,-23,2,2
11912,238,38.83333206176758,-138.1666717529297,-24.16666603088379,2,2
11961,239,39.5,-141.5,-24.33333396911621,2,2
12007,240,40,-141.6666717529297,-23.66666603088379,2,2
12061,241,40,-140.1666717529297,-24.5,2,2
12106,242,38.83333206176758,-141.6666717529297,-25.16666603088379,2,2
12157,243,40,-140.8333282470703,-24.83333396911621,2,2
12203,244,40.5,-142.5,-24.16666603088379,2,2
12251,245,40.33333206176758,-140.6666717529297,-23.5,2,2
12305,246,39.83333206176758,-141.1666717529297,-25.5,2,2
12350,247,39.66666793823242,-142.5,-26.33333396911621,2,2
12400,248,39.66666793823242,-142.8333282470703,-26,2,2
12451,249,38.5,-142.1666717529297,-26.33333396911621,2,2
12497,250,38.66666793823242,-141.8333282470703,-25.83333396911621,2,2
12579,251,40,-141.6666717529297,-26.83333396911621,2,2
12616,252,41.16666793823242,-142.5,-25.16666603088379,2,2
12705,253,38.83333206176758,-140.8333282470703,-26.33333396911621,2,2
12709,254,38.83333206176758,-140.8333282470703,-26.33333396911621,2,2
12750,255,39.33333206176758,-143.3333282470703,-25.66666603088379,2,2
12795,256,40,-140.5,-25.66666603088379,2,2
12855,257,40.66666793823242,-142.6666717529297,-27.33333396911621,2,2
12900,258,41.16666793823242,-141.3333282470703,-24.16666603088379,2,2
12950,259,42.16666793823242,-141.8333282470703,-23.5,2,2
12996,260,42.16666793823242,-141.1666717529297,-23.83333396911621,2,2
13041,261,42.16666793823242,-139.8333282470703,-22,2,2
13087,262,40.83333206176758,-140.5,-23,2,2
13148,263,85.83333587646484,-139.6666717529297,-23.33333396911621,2,2
13193,264,85.5,-140.8333282470703,-21.83333396911621,2,2
13243,265,42,-142.1666717529297,-23,2,2
13284,266,85.66666412353516,-140.3333282470703,-22.66666603088379,2,2
13340,267,85.83333587646484,-141.3333282470703,-63.66666793823242,2,2
13388,268,87.33333587646484,-140.6666717529297,-22.66666603088379,2,2
13430,269,87.5,-140.8333282470703,-21.83333396911621,2,2
13475,270,86.83333587646484,-141.1666717529297,-22,2,2
13535,271,86.83333587646484,-143.1666717529297,-22.33333396911621,2,2
13585,272,85.66666412353516,-141.1666717529297,-62.66666793823242,2,2
13628,273,87.33333587646484,-139.8333282470703,-21.66666603088379,2,2
13671,274,87.83333587646484,-140.1666717529297,-62.5,2,2
13777,275,89,-140.1666717529297,-21.83333396911621,2,2
13819,276,85.66666412353516,-142.3333282470703,-62.66666793823242,2,2
13879,277,86.5,-140.3333282470703,-63.16666793823242,2,2
13924,278,86.5,-141.5,-22,2,2
13969,279,85.33333587646484,-142.3333282470703,-22.33333396911621,2,2
14014,280,86.5,-140.3333282470703,-22.33333396911621,2,2
14061,281,41.5,-142.6666717529297,-22,2,2
14120,282,41.16666793823242,-142.8333282470703,-23,2,2
14169,283,86.5,-142.3333282470703,-22.66666603088379,2,2
14213,284,40.66666793823242,-141.5,-23.16666603088379,2,2
14256,285,85.83333587646484,-140.8333282470703,-23.66666603088379,2,2
14315,286,40.83333206176758,-140.5,-22.5,2,2
14364,287,85.66666412353516,-141.1666717529297,-24.66666603088379,2,2
14406,288,42.5,-141.6666717529297,-24.16666603088379,2,2
14447,289,41.66666793823242,-141.3333282470703,-24.83333396911621,2,2
14510,290,41.5,-139.8333282470703,-24.66666603088379,2,2
14554,291,40.66666793823242,-142.3333282470703,-23.83333396911621,2,2
14599,292,40.66666793823242,-140.6666717529297,-24.66666603088379,2,2
14660,293,41,-141.5,-23.16666603088379,2,2
14705,294,40.5,-141.3333282470703,-22.5,2,2
14756,295,41.66666793823242,-140.5,-23,2,2
14801,296,41.66666793823242,-140.1666717529297,-22.16666603088379,2,2
14842,297,39.83333206176758,-142.3333282470703,-23.5,2,2
14902,298,39.83333206176758,-142.3333282470703,-23.5,2,2
14948,299,42.16666793823242,-142.6666717529297,-24.66666603088379,2,2
14992,300,39.83333206176758,-141.5,-25.83333396911621,2,2
112,0,-0.925048828125,-0.28125,0.1298828125,0,3
132,1,-0.929931640625,-0.2197265625,0.130615234375,0,3
152,2,-0.929931640625,-0.2197265625,0.130615234375,0,3
164,3,-0.915283203125,-0.271728515625,0.133056640625,0,3
213,4,-0.91162109375,-0.219970703125,0.13671875,0,3
310,5,-0.923583984375,-0.22021484375,0.13623046875,0,3
359,6,-0.924560546875,-0.220703125,0.13330078125,0,3
408,7,-0.927001953125,-0.277099609375,0.130126953125,0,3
457,8,-0.913330078125,-0.276611328125,0.0625,0,3
505,9,-0.913330078125,-0.28076171875,0.12744140625,0,3
557,10,-0.91845703125,-0.27490234375,0.055908203125,0,3
603,11,-0.90869140625,-0.27978515625,0.061767578125,0,3
651,12,-0.913818359375,-0.26708984375,0.055908203125,0,3
700,13,-0.9111328125,-0.268310546875,0.05517578125,0,3
749,14,-0.91357421875,-0.2685546875,0.0576171875,0,3
799,15,-0.912841796875,-0.271240234375,0.05224609375,0,3
846,16,-0.922607421875,-0.274169921875,0.055908203125,0,3
895,17,-0.91552734375,-0.26318359375,0.125732421875,0,3
944,18,-0.91552734375,-0.268798828125,0.12744140625,0,3
992,19,-0.915771484375,-0.27294921875,0.0556640625,0,3
1041,20,-0.91796875,-0.26513671875,0.056396484375,0,3
1090,21,-0.9169921875,-0.277587890625,0.053955078125,0,3
1138,22,-0.91357421875,-0.273193359375,0.050048828125,0,3
1188,23,-0.913818359375,-0.27099609375,0.046142578125,0,3
1236,24,-0.912353515625,-0.27587890625,0.049072265625,0,3
1285,25,-0.912109375,-0.275390625,0.0859375,0,3
1334,26,-0.916259765625,-0.270751953125,0.085693359375,0,3
1382,27,-0.9208984375,-0.26708984375,0.074951171875,0,3
1431,28,-0.919677734375,-0.25537109375,-0.001220703125,0,3
1480,29,-0.954345703125,-0.264892578125,0.066650390625,0,3
1530,30,-0.966552734375,-0.177001953125,-0.004638671875,0,3
1577,31,-0.928466796875,-0.158203125,0.076171875,0,3
1626,32,-0.9072265625,-0.197998046875,-0.02099609375,0,3
1674,33,-0.85107421875,-0.173828125,-0.0234375,0,3
1723,34,-0.904052734375,-0.162109375,0.007080078125,0,3
1773,35,-0.95849609375,-0.168701171875,-0.089599609375,0,3
1821,36,-0.880859375,-0.177001953125,-0.0556640625,0,3
1871,37,-0.884765625,-0.268798828125,-0.130859375,0,3
1918,38,-1.02490234375,-0.266357421875,-0.10595703125,0,3
1968,39,-0.952880859375,-0.189697265625,-0.21435546875,0,3
2017,40,-0.968994140625,-0.133544921875,-0.1796875,0,3
2067,41,-1.012939453125,-0.045654296875,-0.2529296875,0,3
2123,42,-0.968017578125,-0.048095703125,-0.212158203125,0,3
2173,43,-0.93896484375,0.039794921875,-0.17041015625,0,3
2366,44,-0.869140625,-0.298583984375,0.122802734375,0,3
2371,45,-0.869140625,-0.298583984375,0.122802734375,0,3
2382,46,-0.869140625,-0.298583984375,0.122802734375,0,3
2461,47,-1.053466796875,-0.073486328125,0.565673828125,0,3
2467,48,-1.053466796875,-0.073486328125,0.565673828125,0,3
2504,49,-0.99853515625,-0.35595703125,0.499267578125,0,3
2557,50,-0.86279296875,-0.376220703125,0.526123046875,0,3
2610,51,-0.851806640625,-0.226806640625,0.433349609375,0,3
2707,52,-0.742919921875,-0.285400390625,0.497314453125,0,3
2714,53,-0.742919921875,-0.285400390625,0.497314453125,0,3
2748,54,-0.609130859375,-0.415771484375,0.675048828125,0,3
2797,55,-0.5341796875,-0.49853515625,0.771728515625,0,3
2846,56,-0.477294921875,-0.3701171875,0.8427734375,0,3
2893,57,-0.3974609375,-0.4833984375,0.831298828125,0,3
2942,58,-0.388916015625,-0.526123046875,0.94775390625,0,3
2991,59,-0.221435546875,-0.631103515625,0.90576171875,0,3
3040,60,0.14990234375,-0.68408203125,0.996826171875,0,3
3089,61,-0.08447265625,-0.3837890625,0.980224609375,0,3
3244,62,-0.069580078125,-0.244384765625,0.947265625,0,3
3250,63,-0.069580078125,-0.244384765625,0.947265625,0,3
3257,64,-0.069580078125,-0.244384765625,0.947265625,0,3
3284,65,-0.112548828125,-0.600341796875,1.082275390625,0,3
3333,66,0.06396484375,-0.42138671875,0.803466796875,0,3
3389,67,-0.01953125,-0.443359375,1.015869140625,0,3
3434,68,0.00244140625,-0.477294921875,0.9736328125,0,3
3485,69,-0.019287109375,-0.469970703125,0.957275390625,0,3
3542,70,-0.07421875,-0.447021484375,1.030029296875,0,3
3583,71,-0.077880859375,-0.387939453125,0.986083984375,0,3
3625,72,0.01171875,-0.46240234375,1.0302734375,0,3
3673,73,-0.079345703125,-0.370361328125,0.979736328125,0,3
3722,74,-0.064697265625,-0.4443359375,1.029052734375,0,3
3773,75,0.027587890625,-0.45703125,1.013916015625,0,3
3820,76,-0.078369140625,-0.423828125,1.000732421875,0,3
3876,77,-0.074462890625,-0.441162109375,1.001953125,0,3
3918,78,-0.039794921875,-0.389892578125,0.9736328125,0,3
3969,79,0.00146484375,-0.447998046875,1.02490234375,0,3
4074,80,-0.063720703125,-0.30419921875,0.977294921875,0,3
4079,81,-0.063720703125,-0.30419921875,0.977294921875,0,3
4113,82,-0.083984375,-0.405029296875,0.982666015625,0,3
4215,83,-0.08837890625,-0.40234375,0.98974609375,0,3
4263,84,0.01220703125,-0.467529296875,0.9892578125,0,3
4308,85,-0.093505859375,-0.30712890625,0.99072265625,0,3
4357,86,-0.03857421875,-0.343505859375,0.991455078125,0,3
4438,87,-0.03125,-0.38037109375,0.988037109375,0,3
4454,88,-0.035888671875,-0.3046875,0.989990234375,0,3
4503,89,-0.0322265625,-0.30078125,0.99462890625,0,3
4551,90,-0.09228515625,-0.304931640625,0.98779296875,0,3
4601,91,-0.086669921875,-0.301025390625,0.991943359375,0,3
4653,92,-0.091796875,-0.292724609375,0.998779296875,0,3
4697,93,-0.034423828125,-0.303466796875,0.9912109375,0,3
4751,94,-0.03173828125,-0.294677734375,0.99462890625,0,3
4801,95,-0.08837890625,-0.29150390625,0.998291015625,0,3
4849,96,-0.0927734375,-0.296142578125,1.064453125,0,3
4896,97,-0.091552734375,-0.29052734375,0.9931640625,0,3
4944,98,-0.092529296875,-0.291748046875,0.995361328125,0,3
4996,99,-0.087646484375,-0.294677734375,0.991943359375,0,3
5044,100,-0.09326171875,-0.297119140625,0.996826171875,0,3
5088,101,-0.088623046875,-0.295654296875,0.994140625,0,3
5138,102,-0.08544921875,-0.298095703125,0.99658203125,0,3
5185,103,-0.086181640625,-0.2939453125,0.994384765625,0,3
5236,104,-0.091064453125,-0.29248046875,1,0,3
5283,105,-0.088623046875,-0.29638671875,0.999267578125,0,3
5332,106,-0.0927734375,-0.296142578125,0.994384765625,0,3
5383,107,-0.0888671875,-0.304443359375,0.994140625,0,3
5430,108,-0.087646484375,-0.2978515625,0.990966796875,0,3
5477,109,-0.091552734375,-0.291015625,0.998291015625,0,3
5526,110,-0.08642578125,-0.2919921875,1.062744140625,0,3
5575,111,-0.088134765625,-0.29345703125,0.995849609375,0,3
5624,112,-0.087646484375,-0.290771484375,0.99609375,0,3
5672,113,-0.088134765625,-0.291259765625,1.06396484375,0,3
5722,114,-0.08740234375,-0.290283203125,0.994873046875,0,3
5770,115,-0.091552734375,-0.29345703125,0.994873046875,0,3
5819,116,-0.09326171875,-0.28857421875,0.99755859375,0,3
5867,117,-0.084228515625,-0.2890625,0.995361328125,0,3
5917,118,-0.091796875,-0.290283203125,1.066650390625,0,3
5966,119,-0.09130859375,-0.296630859375,0.995849609375,0,3
6014,120,-0.0927734375,-0.289306640625,0.99853515625,0,3
6066,121,-0.08642578125,-0.2880859375,1.06396484375,0,3
6165,122,-0.089599609375,-0.288330078125,0.9951171875,0,3
6209,123,-0.091796875,-0.291259765625,0.998046875,0,3
6258,124,-0.088134765625,-0.2890625,0.99853515625,0,3
6306,125,-0.09130859375,-0.288330078125,0.9990234375,0,3
6355,126,-0.08984375,-0.291015625,1,0,3
6405,127,-0.091064453125,-0.295166015625,0.99853515625,0,3
6452,128,-0.0908203125,-0.289306640625,1.065673828125,0,3
6502,129,-0.089111328125,-0.289794921875,0.9931640625,0,3
6550,130,-0.09033203125,-0.295166015625,0.997802734375,0,3
6599,131,-0.087158203125,-0.286376953125,1.064697265625,0,3
6649,132,-0.088623046875,-0.291015625,1,0,3
6696,133,-0.090576171875,-0.290283203125,0.99658203125,0,3
6745,134,-0.089111328125,-0.2978515625,0.994384765625,0,3
6794,135,-0.08447265625,-0.290771484375,1.064697265625,0,3
6852,136,-0.093017578125,-0.293212890625,0.99755859375,0,3
6897,137,-0.089599609375,-0.287841796875,1.063232421875,0,3
6949,138,-0.031982421875,-0.29443359375,0.99658203125,0,3
6990,139,-0.086181640625,-0.28857421875,0.999267578125,0,3
7040,140,-0.08837890625,-0.295166015625,0.995849609375,0,3
7089,141,-0.087158203125,-0.28857421875,0.9931640625,0,3
7142,142,-0.08642578125,-0.301513671875,1.069091796875,0,3
7184,143,-0.088623046875,-0.285888671875,0.99755859375,0,3
7234,144,-0.08447265625,-0.29248046875,1.062744140625,0,3
7282,145,-0.085693359375,-0.28662109375,1.06396484375,0,3
7331,146,-0.087646484375,-0.2900390625,0.99560546875,0,3
7379,147,-0.09130859375,-0.28662109375,0.990478515625,0,3
7428,148,-0.088623046875,-0.28955078125,0.997802734375,0,3
7479,149,-0.088623046875,-0.28662109375,0.998291015625,0,3
7525,150,-0.087890625,-0.286865234375,0.997802734375,0,3
7574,151,-0.0908203125,-0.285400390625,0.99658203125,0,3
7624,152,-0.03125,-0.286865234375,0.99755859375,0,3
7670,153,-0.0908203125,-0.28857421875,1.071533203125,0,3
7720,154,-0.091552734375,-0.2890625,0.999267578125,0,3
7779,155,-0.090087890625,-0.290771484375,0.997802734375,0,3
7819,156,-0.093017578125,-0.284912109375,0.998291015625,0,3
7866,157,-0.087158203125,-0.286376953125,0.998291015625,0,3
7917,158,-0.09130859375,-0.284912109375,0.99658203125,0,3
7964,159,-0.091552734375,-0.30615234375,1.072998046875,0,3
8019,160,-0.078857421875,-0.380615234375,0.988525390625,0,3
8064,161,-0.089111328125,-0.376708984375,1.055908203125,0,3
8162,162,-0.009765625,-0.318359375,1.063720703125,0,3
8222,163,-0.044677734375,-0.259521484375,1.023193359375,0,3
8271,164,-0.24560546875,-0.442138671875,1.341796875,0,3
8305,165,0.03125,-0.527099609375,0.598388671875,0,3
8359,166,0.339111328125,-0.535400390625,1.099609375,0,3
8406,167,-0.022705078125,-0.44287109375,0.96337890625,0,3
8453,168,0.085205078125,-0.443603515625,0.9111328125,0,3
8502,169,0.00634765625,-0.513427734375,0.81005859375,0,3
8564,170,-0.05859375,-0.74755859375,1.013427734375,0,3
8611,171,0.055419921875,-0.22021484375,0.781982421875,0,3
8650,172,0.06494140625,-0.8828125,0.642578125,0,3
8697,173,-0.080322265625,-0.4794921875,0.99560546875,0,3
8748,174,-0.059326171875,-0.524658203125,0.929931640625,0,3
8851,175,-0.3232421875,-0.613525390625,0.886962890625,0,3
8855,176,-0.3232421875,-0.613525390625,0.886962890625,0,3
8891,177,-0.48095703125,-0.24267578125,0.84423828125,0,3
8991,178,-0.601806640625,-0.51220703125,0.597900390625,0,3
8996,179,-0.601806640625,-0.51220703125,0.597900390625,0,3
9038,180,-0.60400390625,-0.497802734375,0.609130859375,0,3
9085,181,-0.716064453125,-0.3486328125,0.662109375,0,3
9135,182,-0.757568359375,-0.357421875,0.60693359375,0,3
9182,183,-0.737548828125,-0.343994140625,0.6259765625,0,3
9232,184,-0.8984375,-0.233154296875,0.56884765625,0,3
9283,185,-1.0546875,-0.234619140625,0.700927734375,0,3
9331,186,-1.19677734375,-0.55615234375,0.66259765625,0,3
9377,187,-0.962158203125,-0.61376953125,0.579833984375,0,3
9426,188,-1.021728515625,0.050048828125,0.30322265625,0,3
9528,189,-0.953857421875,-0.083251953125,0.04931640625,0,3
9533,190,-0.953857421875,-0.083251953125,0.04931640625,0,3
9572,191,-0.93798828125,-0.113525390625,0.000244140625,0,3
9624,192,-0.924560546875,-0.498779296875,-0.203125,0,3
9669,193,-0.791015625,-0.39404296875,0.0009765625,0,3
9719,194,-0.71044921875,-0.100830078125,-0,0,3
9767,195,-0.558349609375,-0.19140625,0.03271484375,0,3
9818,196,-0.66357421875,-0.360595703125,0.059814453125,0,3
9871,197,-0.879638671875,-0.531005859375,-0.0302734375,0,3
9915,198,-0.986328125,-0.77197265625,0.086181640625,0,3
9963,199,-1.0009765625,-0.64453125,0.198486328125,0,3
10011,200,-0.860595703125,-0.49853515625,0.220703125,0,3
10117,201,-0.89990234375,-0.51123046875,0.3505859375,0,3
10163,202,-0.923095703125,-0.357177734375,0.52001953125,0,3
10210,203,-0.963134765625,-0.300537109375,0.43310546875,0,3
10257,204,-0.935302734375,-0.3125,0.29443359375,0,3
10304,205,-0.897216796875,-0.2333984375,0.30615234375,0,3
10353,206,-0.7197265625,-0.180908203125,0.37744140625,0,3
10403,207,-0.671142578125,-0.26416015625,0.34765625,0,3
10450,208,-0.6494140625,-0.3369140625,0.2373046875,0,3
10500,209,-0.69775390625,-0.3505859375,0.264404296875,0,3
10547,210,-0.685302734375,-0.449951171875,0.212890625,0,3
10598,211,-0.794189453125,-0.412353515625,0.166748046875,0,3
10645,212,-0.954345703125,-0.507080078125,0.167236328125,0,3
10694,213,-1.0009765625,-0.516845703125,0.195556640625,0,3
10745,214,-1.021728515625,-0.4267578125,0.198974609375,0,3
10799,215,-0.98779296875,-0.456298828125,0.172607421875,0,3
10843,216,-0.9990234375,-0.359375,0.251708984375,0,3
10889,217,-1.072509765625,-0.39208984375,0.2724609375,0,3
10939,218,-1.02490234375,-0.294677734375,0.16650390625,0,3
10988,219,-1.064453125,-0.292236328125,0.211669921875,0,3
11037,220,-1.07373046875,-0.28466796875,0.20166015625,0,3
11084,221,-0.93310546875,-0.335693359375,0.209228515625,0,3
11135,222,-0.959228515625,-0.2490234375,0.11572265625,0,3
11181,223,-0.916259765625,-0.223388671875,0.147216796875,0,3
11230,224,-0.927490234375,-0.26904296875,0.1484375,0,3
11279,225,-0.916259765625,-0.23583984375,0.102783203125,0,3
11337,226,-0.951904296875,-0.23486328125,0.10888671875,0,3
11377,227,-0.96826171875,-0.228515625,0.09765625,0,3
11432,228,-0.963623046875,-0.268798828125,0.114013671875,0,3
11475,229,-0.95068359375,-0.1787109375,0.122314453125,0,3
11522,230,-0.9453125,-0.1796875,0.12060546875,0,3
11573,231,-0.866455078125,-0.265869140625,0.11572265625,0,3
11620,232,-0.906494140625,-0.22607421875,0.10595703125,0,3
11669,233,-1.014892578125,-0.244140625,0.10498046875,0,3
11719,234,-0.923583984375,-0.247314453125,0.11328125,0,3
11767,235,-0.92041015625,-0.24560546875,0.12109375,0,3
11821,236,-0.91845703125,-0.244140625,0.099365234375,0,3
11875,237,-1.00732421875,-0.32470703125,0.154541015625,0,3
11914,238,-0.931640625,-0.322998046875,0.12451171875,0,3
11963,239,-0.935791015625,-0.3349609375,0.206298828125,0,3
12064,240,-0.927490234375,-0.3369140625,0.10009765625,0,3
12109,241,-1.014892578125,-0.29541015625,0.1181640625,0,3
12160,242,-0.91650390625,-0.295654296875,0.11474609375,0,3
12206,243,-0.9658203125,-0.285400390625,0.106689453125,0,3
12254,244,-1.01025390625,-0.315673828125,0.215576171875,0,3
12308,245,-0.922607421875,-0.275634765625,0.13720703125,0,3
12352,246,-0.939453125,-0.248779296875,0.116943359375,0,3
12402,247,-0.883056640625,-0.28515625,0.0966796875,0,3
12454,248,-0.89013671875,-0.291748046875,0.097900390625,0,3
12499,249,-0.85888671875,-0.334228515625,0.13818359375,0,3
12603,250,-0.902587890625,-0.226318359375,0.140380859375,0,3
12618,251,-0.902587890625,-0.226318359375,0.140380859375,0,3
12659,252,-0.956787109375,-0.243408203125,0.128662109375,0,3
12711,253,-0.91552734375,-0.325927734375,0.05126953125,0,3
12752,254,-1.0107421875,-0.338134765625,0.044677734375,0,3
12808,255,-1.021728515625,-0.325439453125,0.04248046875,0,3
12858,256,-1.012451171875,-0.241943359375,0.05029296875,0,3
12903,257,-1.004150390625,-0.24365234375,0.1259765625,0,3
12952,258,-1.0048828125,-0.244873046875,0.045166015625,0,3
12998,259,-1.01953125,-0.2451171875,0.046875,0,3
13043,260,-0.978759765625,-0.2197265625,0.082763671875,0,3
13101,261,-0.987060546875,-0.27099609375,0.068115234375,0,3
13151,262,-0.994873046875,-0.252685546875,-0.003173828125,0,3
13197,263,-0.96923828125,-0.17431640625,-0.002197265625,0,3
13245,264,-0.92919921875,-0.1708984375,-0.000244140625,0,3
13286,265,-0.908203125,-0.171630859375,-0.000244140625,0,3
13343,266,-0.955810546875,-0.177490234375,0.064453125,0,3
13391,267,-0.869873046875,-0.17919921875,0.072265625,0,3
13443,268,-0.940185546875,-0.180908203125,0.069091796875,0,3
13489,269,-0.957763671875,-0.253173828125,-0.000244140625,0,3
13539,270,-0.9208984375,-0.271484375,0.063232421875,0,3
13587,271,-0.93017578125,-0.279541015625,0.068359375,0,3
13629,272,-1.001220703125,-0.220947265625,0.081787109375,0,3
13685,273,-1.01708984375,-0.223876953125,0.08740234375,0,3
13731,274,-1.01806640625,-0.220458984375,0.089111328125,0,3
13780,275,-1.006103515625,-0.2216796875,0.088623046875,0,3
13832,276,-0.927734375,-0.227294921875,0.091064453125,0,3
13882,277,-0.919189453125,-0.220458984375,0.08349609375,0,3
13926,278,-0.935302734375,-0.27734375,0.087158203125,0,3
14028,279,-0.9326171875,-0.275146484375,0.072509765625,0,3
14074,280,-0.93359375,-0.2685546875,0.072021484375,0,3
14123,281,-0.92578125,-0.256591796875,0.073486328125,0,3
14172,282,-0.9130859375,-0.2587890625,0.076171875,0,3
14215,283,-0.92431640625,-0.255615234375,0.07421875,0,3
14269,284,-0.9228515625,-0.1845703125,0.086181640625,0,3
14318,285,-0.91162109375,-0.181640625,0.0859375,0,3
14366,286,-0.91748046875,-0.252197265625,0.087646484375,0,3
14409,287,-0.9130859375,-0.255615234375,0.033447265625,0,3
14465,288,-0.92138671875,-0.255615234375,0.03759765625,0,3
14512,289,-0.9248046875,-0.258544921875,0.044677734375,0,3
14556,290,-0.92724609375,-0.265869140625,0.04052734375,0,3
14612,291,-0.920654296875,-0.266845703125,0.037841796875,0,3
14663,292,-0.91943359375,-0.26708984375,0.038818359375,0,3
14708,293,-1.02099609375,-0.25341796875,0.09033203125,0,3
14758,294,-0.929443359375,-0.26318359375,0.03857421875,0,3
14803,295,-0.906982421875,-0.26953125,0.08740234375,0,3
14855,296,-0.9130859375,-0.26025390625,0.033203125,0,3
14905,297,-0.912353515625,-0.184326171875,0.040771484375,0,3
14950,298,-0.9150390625,-0.25390625,0.04443359375,0,3
14995,299,-0.925048828125,-0.1826171875,0.092041015625,0,3
113,1,-6.5859375,2.625,-1.6796875,1,3
134,2,-7.6875,1.7265625,-4.1328125,1,3
153,3,-7.6875,1.7265625,-4.1328125,1,3
166,4,-8.828125,1.109375,-1.9765625,1,3
214,5,-7.4453125,1.2734375,-3.5703125,1,3
311,6,-10.6328125,1.59375,-3.5703125,1,3
359,7,-7.4921875,2.6328125,-1.734375,1,3
409,8,-7.1328125,-0.828125,-2.8828125,1,3
458,9,-6.875,-2.7265625,-2.3671875,1,3
505,10,-8.0234375,-2.40625,0.0859375,1,3
558,11,-5.34375,0.046875,0.7265625,1,3
604,12,-7.203125,2.078125,0.84375,1,3
652,13,-8.03125,-0.4375,0.953125,1,3
701,14,-4.921875,-0.7421875,-0.546875,1,3
750,15,-4.453125,-0.3125,-0.375,1,3
800,16,-1.265625,2.046875,-0.0234375,1,3
847,17,-6.6328125,4.3359375,0.8671875,1,3
896,18,-6.0859375,4.6484375,-2.625,1,3
944,19,-2.046875,1.8828125,-2.0859375,1,3
993,20,-4.4609375,4.5234375,-2.5546875,1,3
1042,21,-1.390625,4.546875,-4.4921875,1,3
1091,22,-2.953125,3.1484375,-6.0078125,1,3
1139,23,-4.0703125,3.5703125,-6.15625,1,3
1189,24,0.140625,3.0546875,-4.3203125,1,3
1237,25,-2.96875,6.34375,-4.640625,1,3
1285,26,-2.015625,5.734375,-3.6875,1,3
1334,27,-0.1640625,7.3203125,-3.0390625,1,3
1383,28,1.84375,9.015625,-2.4140625,1,3
1432,29,5.7734375,9.40625,2.640625,1,3
1481,30,7.9296875,12.140625,3.15625,1,3
1532,31,12.7734375,10.1640625,6.0859375,1,3
1578,32,26.65625,8,5.5703125,1,3
1627,33,55.09375,0.9453125,13.390625,1,3
1675,34,70.5859375,-9.5,17.8828125,1,3
1724,35,64.5,-11.9609375,19.1796875,1,3
1773,36,67.8671875,-7.0625,13.53125,1,3
1822,37,64.0625,-5.078125,3.859375,1,3
1873,38,41.765625,5.359375,-8.4921875,1,3
1919,39,19.8359375,25.5,-20.234375,1,3
1969,40,1.109375,28.296875,-27.8359375,1,3
2019,41,-20.3984375,27.5859375,-37.5390625,1,3
2069,42,-83.375,10.7421875,-62.09375,1,3
2125,43,-166.21875,-9.6015625,-88.9765625,1,3
2174,44,-136.015625,-0.9140625,-77.890625,1,3
2367,45,42.953125,-137.421875,48.71875,1,3
2373,46,42.953125,-137.421875,48.71875,1,3
2384,47,42.953125,-137.421875,48.71875,1,3
2463,48,13.4765625,-130.6796875,52.578125,1,3
2469,49,13.4765625,-130.6796875,52.578125,1,3
2505,50,-22.3515625,-84.6171875,46.8203125,1,3
2559,51,4.515625,-78.2421875,30.9453125,1,3
2613,52,-12.9765625,-81.2578125,36.8046875,1,3
2709,53,-26.4140625,-76.4296875,45.9140625,1,3
2716,54,-26.4140625,-76.4296875,45.9140625,1,3
2749,55,-1.5,-87.421875,60.96875,1,3
2798,56,-14.8046875,-94.3125,77.4765625,1,3
2848,57,-4.484375,-95.1875,89.1328125,1,3
2894,58,7.5625,-106.5859375,98.96875,1,3
2943,59,-16.03125,-98.3515625,105.1875,1,3
2992,60,-26.234375,-80.6875,87.921875,1,3
3040,61,-45.1015625,-23.59375,73.0625,1,3
3090,62,-157.3671875,-1.5,79.03125,1,3
3246,63,-6.28125,-18.046875,-0.140625,1,3
3252,64,-6.28125,-18.046875,-0.140625,1,3
3258,65,-6.28125,-18.046875,-0.140625,1,3
3285,66,-4.953125,-5.09375,8.9140625,1,3
3334,67,-34.0078125,-13.3828125,24.6796875,1,3
3390,68,19.0078125,2.3984375,8.3515625,1,3
3435,69,3.4296875,-0.8828125,-12.2734375,1,3
3486,70,-18.96875,2.1875,-7.3046875,1,3
3544,71,-34.2109375,6.3671875,-6.7109375,1,3
3585,72,-20.3203125,2.609375,-6.8828125,1,3
3626,73,-1.5390625,-1.3203125,-1.3671875,1,3
3674,74,-25.96875,-4.6875,1.6015625,1,3
3723,75,1.3203125,0.296875,-2.6953125,1,3
3775,76,-6.7890625,-0.9453125,-6.75,1,3
3821,77,0.375,9.09375,-3.453125,1,3
3878,78,-17.375,1.5234375,-5.4609375,1,3
3919,79,-10.1640625,5.65625,-2.0859375,1,3
3971,80,-1.8984375,-0.8046875,0.7578125,1,3
4075,81,-17.65625,1.5703125,4.4609375,1,3
4080,82,-17.65625,1.5703125,4.4609375,1,3
4113,83,-5.1484375,8.0625,-2.1953125,1,3
4217,84,-14.765625,7.125,-5.2890625,1,3
4263,85,-21.1328125,-0.96875,-1.390625,1,3
4309,86,-16.7890625,3.375,-2.859375,1,3
4358,87,-14.6875,-0.640625,-0.6953125,1,3
4439,88,-6.8515625,0.8359375,2.109375,1,3
4454,89,-7.1015625,-0.734375,-0.34375,1,3
4503,90,-3.296875,0.953125,-0.4140625,1,3
4552,91,-3.7109375,0.9453125,0.8046875,1,3
4602,92,-6.25,-0.640625,0.3125,1,3
4654,93,-4.765625,0.65625,-0.8203125,1,3
4699,94,-4.8671875,0.9140625,0.65625,1,3
4753,95,-6.9609375,-0.5234375,-2.3046875,1,3
4803,96,-3.6484375,0.890625,-2.390625,1,3
4851,97,-4.8828125,-0.7421875,0.0546875,1,3
4898,98,-4.4609375,-0.734375,-2.1796875,1,3
4945,99,-1.34375,-0.578125,-2.0390625,1,3
4998,100,-1.125,0.796875,0.3515625,1,3
5045,101,-4.140625,0.7265625,-2.453125,1,3
5089,102,-4.3828125,0.953125,-2.2890625,1,3
5139,103,-4.6015625,-0.671875,-2.3984375,1,3
5186,104,-4.5234375,0.8515625,-2.515625,1,3
5237,105,-1.8203125,-0.796875,-2.265625,1,3
5284,106,-1.875,-1,-2.2421875,1,3
5333,107,-4.1640625,0.8984375,-2.140625,1,3
5384,108,-4.578125,-0.6328125,-2.2265625,1,3
5431,109,-3.2265625,-0.9375,-2.2734375,1,3
5478,110,-3.5,-0.6796875,-2.6640625,1,3
5527,111,-3.21875,-0.8515625,-2.2421875,1,3
5576,112,-3.0234375,-0.765625,-2.2109375,1,3
5627,113,-3.5859375,-0.5234375,-2.375,1,3
5673,114,-3.2265625,-0.703125,-2.3828125,1,3
5722,115,-4.703125,-0.9609375,-2.6953125,1,3
5771,116,-3.0078125,-0.5859375,-2.5546875,1,3
5819,117,-4.6484375,-0.796875,-2.21875,1,3
5869,118,-4.90625,0.859375,-2.5390625,1,3
5919,119,-4.6328125,-0.8046875,-2.5078125,1,3
5967,120,-4.921875,0.9921875,-2.25,1,3
6014,121,-4.2578125,0.953125,-2.640625,1,3
6068,122,-4.6875,-0.609375,-2.609375,1,3
6166,123,-4.6953125,-0.796875,-2.5625,1,3
6209,124,-4.0390625,-0.2734375,-2.3828125,1,3
6258,125,-4.1796875,0.9140625,-2.078125,1,3
6307,126,-4.1484375,-0.9453125,-2.4375,1,3
6357,127,-4.1640625,0.8515625,-2.3984375,1,3
6406,128,-4.453125,0.6796875,-2.484375,1,3
6453,129,-4.375,0.84375,-2.7578125,1,3
6503,130,-1.71875,-0.5859375,-2.3515625,1,3
6551,131,-4.453125,0.9609375,-2.7578125,1,3
6600,132,-1.7890625,0.9375,-2.296875,1,3
6650,133,-1.7109375,-0.890625,-2.0625,1,3
6697,134,-1.96875,-0.953125,-2.3984375,1,3
6745,135,-1.3671875,-0.84375,-2.484375,1,3
6795,136,-4.59375,-0.5703125,-2.5078125,1,3
6853,137,-4.40625,-0.3828125,-2.3671875,1,3
6899,138,-1.75,-0.8046875,-2.4453125,1,3
6951,139,-1.9296875,0.8359375,-2.125,1,3
6992,140,-4.515625,-0.6875,-2.21875,1,3
7042,141,-4.75,0.859375,-2.328125,1,3
7091,142,-3.1953125,-0.8203125,-2.4296875,1,3
7144,143,-4.7578125,-0.765625,-2.6484375,1,3
7185,144,-3.1875,-0.78125,-2.34375,1,3
7236,145,-4.796875,0.953125,-2.421875,1,3
7283,146,-4.21875,-0.765625,-2.5,1,3
7332,147,-4.6640625,-0.8359375,-2.328125,1,3
7380,148,-4.609375,-0.71875,-2.453125,1,3
7429,149,-4.8046875,-0.546875,-2.5234375,1,3
7480,150,-4.609375,-0.8125,-2.5390625,1,3
7527,151,-4.8125,-0.7109375,-2.5,1,3
7574,152,-4.6171875,0.8203125,-2.5625,1,3
7626,153,-4.1875,-0.78125,-2.484375,1,3
7671,154,-4.6484375,-0.796875,-2.4765625,1,3
7721,155,-4.4921875,-0.3984375,-2.5859375,1,3
7781,156,-3.1953125,-0.6875,-2.8515625,1,3
7821,157,-4.515625,-0.46875,-2.65625,1,3
7867,158,-4.53125,-0.578125,-2.5,1,3
7918,159,-3.0546875,-0.8359375,-2.6015625,1,3
7965,160,-5.640625,-0.046875,-2.2890625,1,3
8020,161,-22.28125,-1.765625,0.2578125,1,3
8066,162,30.8125,2.0546875,-5.90625,1,3
8164,163,-14.1484375,-10.65625,-0.578125,1,3
8224,164,112.3671875,-30.4296875,11.8828125,1,3
8272,165,84.109375,30.5546875,36.9375,1,3
8306,166,1.515625,-14.078125,10.484375,1,3
8361,167,28.2890625,9.3125,24.21875,1,3
8407,168,-0.203125,-41.8515625,4.875,1,3
8455,169,33.0078125,-8.0078125,6.828125,1,3
8503,170,-24.9375,13.265625,0.8125,1,3
8567,171,-17.296875,34.359375,-22.9921875,1,3
8614,172,89.4296875,26.734375,-65.3046875,1,3
8652,173,-20.1015625,-20.46875,-87.625,1,3
8699,174,-39.4921875,20.6328125,-101.984375,1,3
8750,175,5.4921875,48.84375,-136.2578125,1,3
8852,176,37.5703125,83.953125,-112.7421875,1,3
8856,177,37.5703125,83.953125,-112.7421875,1,3
8892,178,18.5546875,80.6171875,-85.3984375,1,3
8993,179,1.1640625,53.078125,-50.7890625,1,3
8997,180,1.1640625,53.078125,-50.7890625,1,3
9040,181,-8.8671875,47.671875,-52.6640625,1,3
9086,182,-19.6015625,56.90625,-49.8359375,1,3
9136,183,-31.703125,72.4453125,-43.6953125,1,3
9183,184,-51.984375,95.1171875,-41.84375,1,3
9233,185,-59.78125,113.2734375,-37.140625,1,3
9285,186,4.0234375,100.359375,-53.3828125,1,3
9333,187,25.2109375,107.40625,-74.4765625,1,3
9378,188,112.7734375,134.9296875,-108.3515625,1,3
9427,189,224.359375,113.1875,-31.2265625,1,3
9530,190,140.6640625,15.109375,127.0078125,1,3
9534,191,140.6640625,15.109375,127.0078125,1,3
9573,192,-20.3671875,62.140625,154.2265625,1,3
9625,193,-81.8125,10.359375,134.734375,1,3
9670,194,-138.8828125,-40.7578125,50.3203125,1,3
9720,195,-117.9296875,-51.875,-9.7734375,1,3
9768,196,-22.1796875,-39.515625,-33.546875,1,3
9819,197,58.8828125,-21.34375,-49.5078125,1,3
9873,198,72.0234375,-12.3046875,-62.59375,1,3
9916,199,34.4609375,-4.40625,-56.2109375,1,3
9964,200,-49.3046875,11.640625,-7.71875,1,3
10012,201,-108.4765625,36.1015625,48.4765625,1,3
10119,202,-144.3046875,44.6875,86.390625,1,3
10164,203,-140.21875,20.453125,85.46875,1,3
10212,204,-85.046875,-7.28125,71.046875,1,3
10259,205,-71.625,-27.2265625,49.75,1,3
10305,206,-67.890625,-54.625,39.046875,1,3
10355,207,-39.546875,-47.4140625,32.9921875,1,3
10404,208,16.4609375,-37.3671875,15.5625,1,3
10451,209,51.890625,-22.8671875,-13.8984375,1,3
10501,210,60.8515625,-3.453125,-54.875,1,3
10548,211,60.9375,7.5234375,-83.6875,1,3
10600,212,78.5,27.703125,-99.453125,1,3
10646,213,78.546875,37.4453125,-106.609375,1,3
10695,214,60.96875,44.703125,-102.7421875,1,3
10747,215,37.5234375,47.7109375,-97.25,1,3
10801,216,14.3671875,49.1640625,-98.1484375,1,3
10844,217,5.796875,44.09375,-87.296875,1,3
10889,218,6.359375,29.3359375,-66.0625,1,3
10940,219,8.90625,7.75,-29.6640625,1,3
10989,220,9.8203125,-2.328125,3.7109375,1,3
11038,221,8.09375,-14.1015625,23.9453125,1,3
11085,222,0.890625,-20.765625,40.6484375,1,3
11136,223,-7.75,-19.109375,51.3984375,1,3
11182,224,-18.328125,-20.78125,58.578125,1,3
11231,225,-22.9140625,-19.28125,51.859375,1,3
11280,226,-15.015625,-15.3515625,41.765625,1,3
11339,227,-19.1328125,-3.328125,27.7578125,1,3
11378,228,-31.9140625,8.1484375,16.40625,1,3
11434,229,-44.515625,12.046875,4.8359375,1,3
11476,230,-38.40625,14.8671875,-4.375,1,3
11523,231,-22.921875,14.78125,-11.4375,1,3
11574,232,-11.21875,13.0859375,-26.34375,1,3
11621,233,-3.703125,18.8984375,-35.046875,1,3
11670,234,-1.9453125,20.3125,-41.609375,1,3
11720,235,-2.25,17.5234375,-37.03125,1,3
11768,236,-1.9296875,13.546875,-26.84375,1,3
11823,237,4.6484375,9.6640625,-11.03125,1,3
11877,238,-5.078125,6.3515625,-6.1015625,1,3
11915,239,-2.7265625,1.296875,1.1328125,1,3
11964,240,1.125,6.8828125,10.984375,1,3
12066,241,-4.515625,-1.5859375,20.859375,1,3
12110,242,-8.1328125,-8.46875,30.515625,1,3
12161,243,-11.859375,-11.6171875,35.1328125,1,3
12207,244,-14.578125,-14.53125,40.984375,1,3
12255,245,-10.6328125,-9.03125,39.5,1,3
12311,246,18.1640625,-39.8359375,39.625,1,3
12353,247,46.609375,-29.53125,44.625,1,3
12403,248,27.3359375,-21.5,26.1875,1,3
12456,249,2.53125,-13.96875,-3.0625,1,3
12500,250,-4.609375,1.5390625,-28.3203125,1,3
12604,251,-10.21875,20.90625,-57.0703125,1,3
12619,252,-10.21875,20.90625,-57.0703125,1,3
12659,253,7.953125,25.171875,-69.6484375,1,3
12712,254,8.0078125,31.6796875,-75.8359375,1,3
12752,255,-6.671875,36.5390625,-73.9453125,1,3
12809,256,-18.328125,34.9921875,-59.625,1,3
12859,257,-18.109375,27.203125,-38.65625,1,3
12904,258,-11.8515625,22.9765625,-14.3359375,1,3
12953,259,-13.640625,11.28125,6.4453125,1,3
12999,260,-23.1796875,5.234375,17.671875,1,3
13044,261,-31.7734375,0.9609375,32.3046875,1,3
13102,262,-36.7421875,-6.5234375,41.5859375,1,3
13152,263,-35.1171875,-12.3203125,51.3046875,1,3
13198,264,-27.9921875,-13.40625,58.421875,1,3
13246,265,-26.125,-17.4375,53.6328125,1,3
13287,266,-19.3671875,-15.4453125,43.1640625,1,3
13344,267,-15.4140625,-7.1796875,25.8359375,1,3
13391,268,-14.484375,0.03125,6.1171875,1,3
13444,269,-12.3515625,3.53125,-16.34375,1,3
13490,270,-3.03125,10.453125,-29.140625,1,3
13540,271,-0.9765625,13.09375,-39.21875,1,3
13588,272,-1.234375,18.625,-46.6875,1,3
13630,273,-3.796875,18.765625,-45.4609375,1,3
13686,274,-3.6640625,13.3671875,-39.171875,1,3
13732,275,2.265625,9.6015625,-27.1796875,1,3
13780,276,6.2734375,3.71875,-15.796875,1,3
13833,277,3.7265625,0.53125,-7.7265625,1,3
13883,278,3.171875,-3.71875,-2.578125,1,3
13927,279,8.7265625,-7.078125,5.2734375,1,3
14029,280,10.125,-10.6015625,14.2421875,1,3
14075,281,4.421875,-10.484375,18.046875,1,3
14123,282,0.8359375,-9.0546875,20.4765625,1,3
14172,283,-2.3125,-10.3671875,19.5,1,3
14216,284,-5.7734375,-3.765625,18.1875,1,3
14270,285,-9.703125,-4.8359375,9.1796875,1,3
14319,286,-8.5234375,-2.5546875,3.1953125,1,3
14367,287,-8.7890625,-0.2109375,-1.46875,1,3
14409,288,-10.875,1.4375,-8.5234375,1,3
14465,289,-9.015625,4.015625,-12.390625,1,3
14513,290,-7.125,1.9296875,-13.1015625,1,3
14557,291,-5.5859375,4.2578125,-16.953125,1,3
14613,292,-8.59375,1.359375,-16.984375,1,3
14664,293,-8.5703125,-0.7265625,-14.2890625,1,3
14709,294,-1.484375,-1.5390625,-5.640625,1,3
14759,295,6.140625,-3.515625,0.9375,1,3
14804,296,0.375,-6.2421875,4.421875,1,3
14856,297,-5.453125,-1.6640625,4.3125,1,3
14906,298,-5.203125,-2.9140625,1.8359375,1,3
14951,299,-5.3671875,0.0390625,1.265625,1,3
14995,300,-6.8359375,-2.2421875,4.2421875,1,3
115,1,92.33333587646484,-57.5,-124,2,3
135,2,93.66666412353516,-58.5,-122.3333358764648,2,3
154,3,93.66666412353516,-58.5,-122.3333358764648,2,3
167,4,94.33333587646484,-58.66666793823242,-126.3333358764648,2,3
215,5,94.5,-60.83333206176758,-125.8333358764648,2,3
312,6,93.5,-57.83333206176758,-124.8333358764648,2,3
360,7,90.83333587646484,-59.66666793823242,-170.8333282470703,2,3
410,8,92.33333587646484,-57,-125.6666641235352,2,3
460,9,91.16666412353516,-59.33333206176758,-125.3333358764648,2,3
506,10,92,-60.5,-126.1666641235352,2,3
559,11,90.66666412353516,-59.83333206176758,-125.6666641235352,2,3
605,12,92,-60.16666793823242,-125.8333358764648,2,3
653,13,90.83333587646484,-57.33333206176758,-171.1666717529297,2,3
702,14,91.5,-59.5,-126.3333358764648,2,3
751,15,91,-60.33333206176758,-126.8333358764648,2,3
801,16,91.5,-59.83333206176758,-127.1666641235352,2,3
848,17,89.83333587646484,-58.66666793823242,-127.1666641235352,2,3
897,18,91.5,-61.16666793823242,-125.6666641235352,2,3
945,19,92.33333587646484,-58.33333206176758,-126,2,3
994,20,91.66666412353516,-59.33333206176758,-125.3333358764648,2,3
1043,21,91.83333587646484,-60.33333206176758,-126.3333358764648,2,3
1092,22,92.83333587646484,-58.16666793823242,-127.3333358764648,2,3
1140,23,93.33333587646484,-60.16666793823242,-126.1666641235352,2,3
1190,24,89.5,-59.83333206176758,-126,2,3
1237,25,90,-60.16666793823242,-125.8333358764648,2,3
1286,26,91,-59.83333206176758,-125.1666641235352,2,3
1335,27,91.83333587646484,-61.16666793823242,-124.5,2,3
1384,28,91.5,-62.33333206176758,-124.8333358764648,2,3
1433,29,91.5,-62.66666793823242,-123.6666641235352,2,3
1482,30,92,-60.83333206176758,-123.1666641235352,2,3
1533,31,92,-59.66666793823242,-124.1666641235352,2,3
1580,32,93.5,-60.33333206176758,-119.8333358764648,2,3
1629,33,95.66666412353516,-60.83333206176758,-118.8333358764648,2,3
1676,34,95.83333587646484,-60.66666793823242,-116.6666641235352,2,3
1724,35,98.33333587646484,-61.16666793823242,-114,2,3
1775,36,100.6666641235352,-60.66666793823242,-110.5,2,3
1824,37,102.3333358764648,-58.33333206176758,-109,2,3
1874,38,104,-59.83333206176758,-146.5,2,3
1920,39,106,-58.33333206176758,-144.6666717529297,2,3
1970,40,64,-60.33333206176758,-141.5,2,3
2020,41,102.1666641235352,-58.16666793823242,-142.8333282470703,2,3
2070,42,105,-61.66666793823242,-141.6666717529297,2,3
2126,43,103.6666641235352,-61.66666793823242,-146.3333282470703,2,3
2176,44,100.3333358764648,-23.33333396911621,-110.5,2,3
2369,45,42,-62.66666793823242,-174.1666717529297,2,3
2374,46,42,-62.66666793823242,-174.1666717529297,2,3
2385,47,42,-62.66666793823242,-174.1666717529297,2,3
2464,48,89.5,-58.66666793823242,-176.5,2,3
2471,49,89.5,-58.66666793823242,-176.5,2,3
2507,50,90.83333587646484,-54.83333206176758,-178.1666717529297,2,3
2560,51,93.33333587646484,-53.16666793823242,-178.5,2,3
2615,52,92.66666412353516,-48.66666793823242,-181,2,3
2711,53,94.33333587646484,-43,-182.6666717529297,2,3
2718,54,94.33333587646484,-43,-182.6666717529297,2,3
2750,55,93.5,0.5,-184.1666717529297,2,3
2799,56,92.83333587646484,4.333333492279053,-182.5,2,3
2850,57,92.83333587646484,8.333333015441895,-183.6666717529297,2,3
2895,58,93.5,8.166666984558106,-183.3333282470703,2,3
2945,59,90.83333587646484,14.5,-180.8333282470703,2,3
2993,60,89,17,-181,2,3
3041,61,86.83333587646484,-21.33333396911621,-180.1666717529297,2,3
3091,62,42.33333206176758,-20.83333396911621,-180.6666717529297,2,3
3247,63,34.5,-16.16666603088379,-187.1666717529297,2,3
3253,64,34.5,-16.16666603088379,-187.1666717529297,2,3
3260,65,34.5,-16.16666603088379,-187.1666717529297,2,3
3286,66,33.5,-18.66666603088379,-186.1666717529297,2,3
3335,67,34.66666793823242,-18.33333396911621,-188,2,3
3392,68,32.33333206176758,-18,-188,2,3
3436,69,31.33333396911621,-17.66666603088379,-186.6666717529297,2,3
3487,70,32.66666793823242,-18.66666603088379,-188.5,2,3
3546,71,33.33333206176758,-16.83333396911621,-188.3333282470703,2,3
3586,72,31.83333396911621,-15.8333330154419,-188.5,2,3
3627,73,29.83333396911621,-18.66666603088379,-189.1666717529297,2,3
3675,74,29.66666603088379,-18.5,-189,2,3
3723,75,30,-17.66666603088379,-190.6666717529297,2,3
3776,76,30.33333396911621,-18.33333396911621,-190.8333282470703,2,3
3822,77,30.33333396911621,-18.33333396911621,-190.8333282470703,2,3
3880,78,29.5,-18.33333396911621,-191.1666717529297,2,3
3921,79,30.33333396911621,-18.66666603088379,-190.3333282470703,2,3
3973,80,29.33333396911621,-19.33333396911621,-191.6666717529297,2,3
4076,81,29.66666603088379,-16.83333396911621,-150.1666717529297,2,3
4081,82,29.66666603088379,-16.83333396911621,-150.1666717529297,2,3
4114,83,27.83333396911621,-16.33333396911621,-191.5,2,3
4218,84,29.5,-17.5,-191.5,2,3
4264,85,26.83333396911621,-19.66666603088379,-151,2,3
4310,86,27.33333396911621,-19,-150.1666717529297,2,3
4359,87,27.66666603088379,-19.33333396911621,-151.3333282470703,2,3
4439,88,26,-21.33333396911621,-153.3333282470703,2,3
4455,89,26.5,-19,-151.3333282470703,2,3
4504,90,25.5,-18.66666603088379,-151.6666717529297,2,3
4553,91,26.83333396911621,-20.5,-153.3333282470703,2,3
4604,92,24.16666603088379,-18.33333396911621,-152.8333282470703,2,3
4654,93,23.83333396911621,-19.5,-152.3333282470703,2,3
4700,94,26,-19.33333396911621,-153,2,3
4754,95,25.5,-18.66666603088379,-154.6666717529297,2,3
4804,96,26,-17.33333396911621,-155.3333282470703,2,3
4852,97,23.83333396911621,-20.33333396911621,-154.3333282470703,2,3
4900,98,26.5,-19.33333396911621,-151.8333282470703,2,3
4947,99,25.5,-19.16666603088379,-153.5,2,3
4999,100,24.16666603088379,-20,-153.5,2,3
5047,101,23.83333396911621,-17.5,-152.8333282470703,2,3
5090,102,25.66666603088379,-17.66666603088379,-153,2,3
5141,103,24,-19.33333396911621,-152.5,2,3
5187,104,24,-19.33333396911621,-152.5,2,3
5239,105,24.83333396911621,-20.16666603088379,-153.3333282470703,2,3
5285,106,24.16666603088379,-19.16666603088379,-154,2,3
5335,107,25.5,-20,-154.3333282470703,2,3
5386,108,24.66666603088379,-20,-152.8333282470703,2,3
5432,109,25.83333396911621,-20.33333396911621,-152.3333282470703,2,3
5479,110,24,-20.16666603088379,-153.3333282470703,2,3
5528,111,25.16666603088379,-20.16666603088379,-153,2,3
5576,112,25,-20.33333396911621,-153.5,2,3
5629,113,24.83333396911621,-19,-152.1666717529297,2,3
5674,114,23.66666603088379,-20.16666603088379,-154.8333282470703,2,3
5723,115,24.5,-20.16666603088379,-152.5,2,3
5772,116,24,-20.5,-151.8333282470703,2,3
5820,117,25.66666603088379,-19,-153,2,3
5870,118,25.83333396911621,-20.33333396911621,-150.8333282470703,2,3
5920,119,24.5,-20.5,-152.1666717529297,2,3
5968,120,22.83333396911621,-18.16666603088379,-153.3333282470703,2,3
6015,121,26.33333396911621,-18.33333396911621,-153.1666717529297,2,3
6069,122,25,-18,-153.5,2,3
6168,123,24.83333396911621,-19.33333396911621,-152.1666717529297,2,3
6210,124,24,-20.5,-153,2,3
6259,125,26.5,-19.33333396911621,-153,2,3
6307,126,23.16666603088379,-20.16666603088379,-153.6666717529297,2,3
6358,127,25,-20,-153.5,2,3
6407,128,23.5,-19.5,-153.5,2,3
6454,129,25,-19.16666603088379,-154,2,3
6505,130,23.16666603088379,-20.5,-152.1666717529297,2,3
6552,131,24.66666603088379,-20,-151.6666717529297,2,3
6602,132,25,-19.5,-154,2,3
6651,133,23.16666603088379,-20.16666603088379,-153.3333282470703,2,3
6697,134,22.16666603088379,-19.5,-153.1666717529297,2,3
6746,135,25.5,-20.33333396911621,-152,2,3
6796,136,24.5,-19.66666603088379,-153.3333282470703,2,3
6855,137,24.66666603088379,-20.33333396911621,-152,2,3
6900,138,25.16666603088379,-17.66666603088379,-152.5,2,3
6953,139,23.83333396911621,-20.33333396911621,-152.3333282470703,2,3
6993,140,24.5,-19.33333396911621,-151.8333282470703,2,3
7044,141,23.83333396911621,-19.5,-152.3333282470703,2,3
7092,142,23.16666603088379,-19,-152.5,2,3
7145,143,24.66666603088379,-18,-153.5,2,3
7186,144,24.66666603088379,-19.5,-152.3333282470703,2,3
7237,145,23.83333396911621,-19.16666603088379,-152.8333282470703,2,3
7284,146,24.5,-17.66666603088379,-154.1666717529297,2,3
7333,147,24.66666603088379,-20.83333396911621,-152.8333282470703,2,3
7381,148,25,-18.66666603088379,-152.3333282470703,2,3
7430,149,25,-20.33333396911621,-152,2,3
7482,150,26.33333396911621,-20,-152,2,3
7528,151,23,-19.5,-153.1666717529297,2,3
7576,152,23.66666603088379,-19,-154.5,2,3
7627,153,25.5,-18.66666603088379,-153.5,2,3
7672,154,23.66666603088379,-19.33333396911621,-152.1666717529297,2,3
7721,155,22.83333396911621,-19,-151.3333282470703,2,3
7782,156,23.5,-19.5,-154.6666717529297,2,3
7822,157,23.66666603088379,-20.16666603088379,-152.1666717529297,2,3
7867,158,25.5,-19.5,-151.1666717529297,2,3
7920,159,24.5,-18.16666603088379,-154.1666717529297,2,3
7966,160,24,-19,-154.1666717529297,2,3
8021,161,24.5,-20.16666603088379,-153.3333282470703,2,3
8067,162,24.5,-19.66666603088379,-154.1666717529297,2,3
8165,163,24,-19.33333396911621,-153.3333282470703,2,3
8226,164,22.83333396911621,-20.5,-153.6666717529297,2,3
8273,165,25.83333396911621,-17.5,-150.8333282470703,2,3
8309,166,28.83333396911621,-21,-191.3333282470703,2,3
8363,167,29,-17.16666603088379,-188.5,2,3
8409,168,32.33333206176758,-16.66666603088379,-188,2,3
8456,169,31.83333396911621,-19.16666603088379,-187.3333282470703,2,3
8505,170,31.83333396911621,-17.16666603088379,-185.3333282470703,2,3
8569,171,33.83333206176758,-17.16666603088379,-188.5,2,3
8616,172,31.83333396911621,-17.5,-187.6666717529297,2,3
8653,173,34.66666793823242,-18.66666603088379,-187.3333282470703,2,3
8700,174,41,-19,-183.6666717529297,2,3
8751,175,86,-19,-183.6666717529297,2,3
8853,176,92.33333587646484,16.33333396911621,-178.8333282470703,2,3
8857,177,92.33333587646484,16.33333396911621,-178.8333282470703,2,3
8893,178,95,14.16666698455811,-178.8333282470703,2,3
8994,179,97.33333587646484,8,-178.5,2,3
8999,180,97.33333587646484,8,-178.5,2,3
9041,181,97,5,-178.8333282470703,2,3
9086,182,95.83333587646484,5.333333492279053,-179.8333282470703,2,3
9137,183,94.83333587646484,3.166666746139526,-180.1666717529297,2,3
9183,184,95,-43.33333206176758,-181.5,2,3
9234,185,91.83333587646484,-46.16666793823242,-185,2,3
9286,186,88.5,-49.66666793823242,-184,2,3
9334,187,88,-54.5,-186.3333282470703,2,3
9378,188,88.66666412353516,-57.5,-182.1666717529297,2,3
9428,189,89.83333587646484,-59.83333206176758,-175.6666717529297,2,3
9531,190,105.1666641235352,-59.5,-146.5,2,3
9534,191,105.1666641235352,-59.5,-146.5,2,3
9574,192,68.66666412353516,-56.83333206176758,-132.3333282470703,2,3
9626,193,72.16666412353516,-53,-85.33333587646484,2,3
9670,194,73.5,-50,-129.3333282470703,2,3
9722,195,72.66666412353516,-47.66666793823242,-134,2,3
9769,196,69.83333587646484,-47.16666793823242,-142,2,3
9821,197,68.33333587646484,-48.83333206176758,-147.1666717529297,2,3
9875,198,66.66666412353516,-48,-148.3333282470703,2,3
9917,199,70.33333587646484,-48,-143.1666717529297,2,3
9965,200,69.33333587646484,-51.5,-140.3333282470703,2,3
10013,201,70.33333587646484,-50.5,-141.6666717529297,2,3
10121,202,66.33333587646484,-52.5,-148.3333282470703,2,3
10165,203,105.5,-51,-110.5,2,3
10213,204,104.6666641235352,-52.16666793823242,-115.5,2,3
10261,205,99.66666412353516,-48.83333206176758,-123.1666641235352,2,3
10306,206,99.5,-45.83333206176758,-125.6666641235352,2,3
10356,207,96,-45.5,-171.1666717529297,2,3
10406,208,93.83333587646484,-43.33333206176758,-175.3333282470703,2,3
10452,209,95.5,0.1666666716337204,-174.8333282470703,2,3
10502,210,96.5,1.5,-172,2,3
10549,211,99.33333587646484,1.166666626930237,-125.8333358764648,2,3
10601,212,102.3333358764648,-43.33333206176758,-124,2,3
10647,213,104.5,-46,-118,2,3
10695,214,104.6666641235352,-47.83333206176758,-114.6666641235352,2,3
10749,215,65,-51.16666793823242,-110.3333358764648,2,3
10802,216,106,-53.5,-108.5,2,3
10845,217,105.1666641235352,-57,-149.3333282470703,2,3
10890,218,102.3333358764648,-59.16666793823242,-107.8333358764648,2,3
10941,219,101.1666641235352,-60.33333206176758,-148.5,2,3
10990,220,101.5,-61.16666793823242,-107,2,3
11040,221,99.33333587646484,-62.16666793823242,-107.1666641235352,2,3
11086,222,100.5,-62.5,-147.8333282470703,2,3
11138,223,100.6666641235352,-60.33333206176758,-147.6666717529297,2,3
11183,224,103.3333358764648,-58.83333206176758,-147.5,2,3
11232,225,106,-57.83333206176758,-146.1666717529297,2,3
11280,226,106.3333358764648,-56.33333206176758,-148.5,2,3
11340,227,106.5,-55.33333206176758,-147.8333282470703,2,3
11379,228,105.6666641235352,-53.66666793823242,-149,2,3
11435,229,105.5,-53.83333206176758,-107,2,3
11477,230,106.5,-55.33333206176758,-109.5,2,3
11524,231,106,-53,-110.5,2,3
11575,232,103.5,-54.33333206176758,-112.8333358764648,2,3
11621,233,105,-55.33333206176758,-111.8333358764648,2,3
11671,234,103.3333358764648,-56,-112.1666641235352,2,3
11722,235,102.1666641235352,-58.16666793823242,-111.8333358764648,2,3
11769,236,102.3333358764648,-58.33333206176758,-112,2,3
11824,237,99.83333587646484,-57.83333206176758,-114,2,3
11879,238,100.5,-58.83333206176758,-113,2,3
11917,239,101.5,-58.33333206176758,-114.3333358764648,2,3
11965,240,101.5,-61.5,-114,2,3
12067,241,102.1666641235352,-58.16666793823242,-111,2,3
12111,242,101.1666641235352,-60.66666793823242,-110.1666641235352,2,3
12163,243,101.5,-56.66666793823242,-110.8333358764648,2,3
12209,244,104.1666641235352,-59.33333206176758,-110.3333358764648,2,3
12256,245,103.3333358764648,-55.33333206176758,-112.1666641235352,2,3
12312,246,104.6666641235352,-53.83333206176758,-110.5,2,3
12355,247,105,-53.66666793823242,-109.1666641235352,2,3
12405,248,65,-52.83333206176758,-109.5,2,3
12458,249,64.66666412353516,-50.83333206176758,-107.5,2,3
12501,250,68.66666412353516,-51.66666793823242,-148.3333282470703,2,3
12605,251,65,-51.16666793823242,-106.8333358764648,2,3
12619,252,65,-51.16666793823242,-106.8333358764648,2,3
12660,253,64.5,-53.83333206176758,-109,2,3
12713,254,105,-55.66666793823242,-107.5,2,3
12753,255,104.5,-57.66666793823242,-108.6666641235352,2,3
12810,256,102.1666641235352,-58.83333206176758,-108.3333358764648,2,3
12860,257,100.8333358764648,-61.33333206176758,-109.1666641235352,2,3
12905,258,97.33333587646484,-63,-109.8333358764648,2,3
12954,259,97.83333587646484,-62.33333206176758,-110.1666641235352,2,3
13000,260,96.5,-62.16666793823242,-109.8333358764648,2,3
13045,261,98.33333587646484,-62.66666793823242,-109.3333358764648,2,3
13103,262,99.33333587646484,-60.5,-109.5,2,3
13152,263,96.66666412353516,-59.83333206176758,-110.8333358764648,2,3
13199,264,99.83333587646484,-60.33333206176758,-111.3333358764648,2,3
13247,265,100.8333358764648,-59.66666793823242,-111.8333358764648,2,3
13288,266,101.1666641235352,-58.66666793823242,-111.6666641235352,2,3
13344,267,102.1666641235352,-58.16666793823242,-112.1666641235352,2,3
13392,268,103,-56.83333206176758,-113.3333358764648,2,3
13445,269,102.5,-56.5,-113.3333358764648,2,3
13490,270,101.5,-56.33333206176758,-113.1666641235352,2,3
13540,271,98.66666412353516,-57,-114.6666641235352,2,3
13589,272,98.66666412353516,-56.66666793823242,-114.3333358764648,2,3
13631,273,100.1666641235352,-58.16666793823242,-114.5,2,3
13687,274,99.66666412353516,-59.66666793823242,-115.6666641235352,2,3
13732,275,97,-60.66666793823242,-115.8333358764648,2,3
13781,276,97.66666412353516,-60.16666793823242,-116.8333358764648,2,3
13833,277,96.83333587646484,-63.33333206176758,-113.3333358764648,2,3
13883,278,96,-62.16666793823242,-115.3333358764648,2,3
13928,279,97.83333587646484,-62.33333206176758,-115.8333358764648,2,3
14030,280,97.83333587646484,-62,-114.3333358764648,2,3
14075,281,98.5,-61.66666793823242,-115.3333358764648,2,3
14124,282,97.5,-62.33333206176758,-112.3333358764648,2,3
14173,283,97.5,-60.66666793823242,-114.3333358764648,2,3
14217,284,99.5,-61.16666793823242,-112.8333358764648,2,3
14271,285,99.83333587646484,-59.83333206176758,-114.6666641235352,2,3
14320,286,100.1666641235352,-59.33333206176758,-112.6666641235352,2,3
14367,287,99.83333587646484,-59.83333206176758,-113.5,2,3
14410,288,99.5,-59.16666793823242,-113.5,2,3
14466,289,99.16666412353516,-60.33333206176758,-114.6666641235352,2,3
14514,290,99.33333587646484,-58.5,-114.1666641235352,2,3
14558,291,99.33333587646484,-59.33333206176758,-115.3333358764648,2,3
14614,292,98.66666412353516,-59.5,-114.6666641235352,2,3
14665,293,97.83333587646484,-60.33333206176758,-115.8333358764648,2,3
14710,294,98.16666412353516,-60.83333206176758,-116.1666641235352,2,3
14760,295,95.83333587646484,-61.16666793823242,-116.3333358764648,2,3
14805,296,97.83333587646484,-61.16666793823242,-116.3333358764648,2,3
14857,297,96.33333587646484,-60.66666793823242,-114.3333358764648,2,3
14907,298,98.83333587646484,-60.83333206176758,-116.5,2,3
14952,299,98.5,-60.83333206176758,-115.3333358764648,2,3
14996,300,97.33333587646484,-60.16666793823242,-115.3333358764648,2,3
117,0,0.98828125,-0.058349609375,0.10400390625,0,4
138,1,0.984375,-0.060791015625,0.10498046875,0,4
155,2,0.984375,-0.060791015625,0.10498046875,0,4
168,3,0.986572265625,-0.061279296875,0.10400390625,0,4
217,4,0.989013671875,-0.053955078125,0.107666015625,0,4
266,5,0.98974609375,-0.052734375,0.10400390625,0,4
315,6,0.9873046875,-0.0546875,0.0986328125,0,4
364,7,0.984130859375,-0.05615234375,0.104248046875,0,4
413,8,0.985595703125,-0.0556640625,0.103515625,0,4
461,9,0.986083984375,-0.059326171875,0.102783203125,0,4
562,10,0.987548828125,-0.05615234375,0.096435546875,0,4
608,11,0.9853515625,-0.05859375,0.1044921875,0,4
656,12,0.988037109375,-0.0595703125,0.10205078125,0,4
705,13,0.984375,-0.05615234375,0.103759765625,0,4
754,14,0.98388671875,-0.054931640625,0.1083984375,0,4
803,15,0.982177734375,-0.05859375,0.10546875,0,4
851,16,0.98583984375,-0.058349609375,0.103515625,0,4
900,17,0.98291015625,-0.060791015625,0.1103515625,0,4
949,18,0.985595703125,-0.05615234375,0.103515625,0,4
997,19,0.981201171875,-0.06103515625,0.09814453125,0,4
1046,20,0.9873046875,-0.06005859375,0.112548828125,0,4
1095,21,0.9833984375,-0.05615234375,0.112548828125,0,4
1143,22,0.98193359375,-0.055419921875,0.106201171875,0,4
1192,23,0.99072265625,-0.05615234375,0.107177734375,0,4
1241,24,0.984130859375,-0.05859375,0.111572265625,0,4
1290,25,0.9873046875,-0.0537109375,0.10400390625,0,4
1339,26,0.98876953125,-0.062255859375,0.112548828125,0,4
1387,27,0.98779296875,-0.05712890625,0.1201171875,0,4
1436,28,0.9736328125,-0.0625,0.19189453125,0,4
1485,29,0.97314453125,-0.137939453125,0.124755859375,0,4
1535,30,0.981201171875,-0.1298828125,0.120849609375,0,4
1583,31,0.990234375,-0.1376953125,0.101806640625,0,4
1648,32,1.067626953125,-0.056396484375,0.121826171875,0,4
1680,33,1.028076171875,-0.1416015625,0.150390625,0,4
1728,34,0.993408203125,-0.0546875,0.13427734375,0,4
1777,35,1.021728515625,-0.060546875,0.08056640625,0,4
1826,36,1.08642578125,-0.059326171875,-0.01416015625,0,4
1876,37,0.93505859375,0.1552734375,0.031494140625,0,4
1924,38,1.07373046875,-0.04296875,-0.086669921875,0,4
1973,39,0.993408203125,-0.0263671875,0.072998046875,0,4
2023,40,1.003662109375,0.087158203125,-0.012939453125,0,4
2129,41,0.991455078125,0.17822265625,-0.000244140625,0,4
2135,42,0.991455078125,0.17822265625,-0.000244140625,0,4
2179,43,1.015869140625,0.009765625,-0.09033203125,0,4
2216,44,1.027099609375,0.214111328125,-0.0390625,0,4
2267,45,1.0078125,0.091064453125,-0.017333984375,0,4
2325,46,0.935791015625,0.03515625,-0.158935546875,0,4
2377,47,0.9228515625,-0.004150390625,-0.26123046875,0,4
2473,48,1.038818359375,0.063232421875,-0.245361328125,0,4
2509,49,1.1259765625,-0.058837890625,-0.112548828125,0,4
2660,50,1.018310546875,0.198486328125,-0.1201171875,0,4
2667,51,1.018310546875,0.198486328125,-0.1201171875,0,4
2675,52,1.018310546875,0.198486328125,-0.1201171875,0,4
2721,53,0.922119140625,0.094970703125,-0.317626953125,0,4
2753,54,1.01025390625,0.272216796875,-0.088134765625,0,4
2852,55,1.018798828125,0.177734375,-0.036865234375,0,4
2855,56,1.018798828125,0.177734375,-0.036865234375,0,4
2898,57,1.026123046875,0.210693359375,-0.13818359375,0,4
2947,58,0.984619140625,0.216064453125,-0.087890625,0,4
2996,59,1.012451171875,0.126220703125,-0.135009765625,0,4
3045,60,0.986572265625,-0.01513671875,-0.047119140625,0,4
3094,61,1.029052734375,-0.0654296875,0.049072265625,0,4
3549,62,0.97412109375,-0.057373046875,0.146240234375,0,4
3555,63,0.97412109375,-0.057373046875,0.146240234375,0,4
3561,64,0.97412109375,-0.057373046875,0.146240234375,0,4
3568,65,0.97412109375,-0.057373046875,0.146240234375,0,4
3588,66,0.937255859375,-0.11279296875,0.08642578125,0,4
3593,67,0.937255859375,-0.11279296875,0.08642578125,0,4
3597,68,0.937255859375,-0.11279296875,0.08642578125,0,4
3601,69,0.937255859375,-0.11279296875,0.08642578125,0,4
3629,70,0.988037109375,-0.060302734375,0.059326171875,0,4
3633,71,0.979736328125,-0.131591796875,0.125,0,4
3637,72,0.979736328125,-0.131591796875,0.125,0,4
3678,73,0.991455078125,-0.1376953125,0.114501953125,0,4
3728,74,0.981201171875,-0.05615234375,0.100341796875,0,4
3778,75,0.991943359375,-0.0322265625,0.13916015625,0,4
3825,76,0.994384765625,-0.05908203125,0.144287109375,0,4
3883,77,1.021728515625,-0.180419921875,0.248046875,0,4
3923,78,0.972900390625,-0.11474609375,0.2197265625,0,4
3976,79,1.0283203125,-0.12451171875,0.27490234375,0,4
4021,80,1.022705078125,-0.114501953125,0.219970703125,0,4
4083,81,1.025146484375,-0.114013671875,0.2744140625,0,4
4117,82,1.025390625,-0.099609375,0.2236328125,0,4
4167,83,1.02587890625,-0.117431640625,0.27001953125,0,4
4221,84,1.025634765625,-0.1015625,0.269775390625,0,4
4266,85,1.025390625,-0.1484375,0.276611328125,0,4
4312,86,1.029296875,-0.14794921875,0.227294921875,0,4
4362,87,1.02880859375,-0.149169921875,0.2294921875,0,4
4459,88,1.02783203125,-0.15283203125,0.28125,0,4
4508,89,0.972412109375,-0.09716796875,0.2744140625,0,4
4556,90,0.971923828125,-0.155029296875,0.275146484375,0,4
4606,91,1.030029296875,-0.097900390625,0.2705078125,0,4
4656,92,0.96923828125,-0.093994140625,0.275146484375,0,4
4703,93,0.9697265625,-0.096923828125,0.276123046875,0,4
4757,94,1.02685546875,-0.1513671875,0.275634765625,0,4
4807,95,1.029296875,-0.15283203125,0.274169921875,0,4
4855,96,1.03076171875,-0.094970703125,0.273193359375,0,4
4902,97,1.02880859375,-0.095458984375,0.26904296875,0,4
4949,98,0.97119140625,-0.09423828125,0.273193359375,0,4
5002,99,0.969482421875,-0.15625,0.271484375,0,4
5050,100,1.029541015625,-0.0986328125,0.266845703125,0,4
5093,101,0.9736328125,-0.094482421875,0.274169921875,0,4
5143,102,0.970458984375,-0.154541015625,0.277587890625,0,4
5190,103,0.970458984375,-0.15625,0.2724609375,0,4
5241,104,0.969970703125,-0.152099609375,0.272705078125,0,4
5289,105,0.9697265625,-0.15234375,0.26806640625,0,4
5337,106,0.97021484375,-0.093994140625,0.276123046875,0,4
5388,107,1.030029296875,-0.151123046875,0.275390625,0,4
5434,108,1.031005859375,-0.0947265625,0.27099609375,0,4
5483,109,1.030029296875,-0.156005859375,0.269287109375,0,4
5532,110,0.969970703125,-0.09912109375,0.271484375,0,4
5580,111,0.96923828125,-0.0947265625,0.2666015625,0,4
5631,112,1.028076171875,-0.15576171875,0.272216796875,0,4
5677,113,1.03076171875,-0.15625,0.269287109375,0,4
5726,114,0.969482421875,-0.096923828125,0.262939453125,0,4
5775,115,1.03125,-0.149658203125,0.27197265625,0,4
5824,116,0.969482421875,-0.094482421875,0.266357421875,0,4
5874,117,1.026611328125,-0.15576171875,0.265869140625,0,4
5922,118,0.970458984375,-0.154052734375,0.275390625,0,4
5971,119,0.97119140625,-0.09814453125,0.265625,0,4
6019,120,1.030517578125,-0.153564453125,0.271240234375,0,4
6072,121,1.0302734375,-0.0947265625,0.276611328125,0,4
6117,122,0.9697265625,-0.151123046875,0.271240234375,0,4
6170,123,0.97216796875,-0.15478515625,0.270751953125,0,4
6214,124,0.969482421875,-0.152587890625,0.26806640625,0,4
6262,125,0.970947265625,-0.154296875,0.272216796875,0,4
6311,126,1.030517578125,-0.154541015625,0.2685546875,0,4
6409,127,1.03125,-0.154541015625,0.272705078125,0,4
6457,128,0.97412109375,-0.155029296875,0.265625,0,4
6507,129,1.030029296875,-0.09765625,0.265625,0,4
6555,130,1.029296875,-0.09619140625,0.274169921875,0,4
6604,131,1.0302734375,-0.09912109375,0.269775390625,0,4
6653,132,1.030029296875,-0.09423828125,0.265380859375,0,4
6701,133,0.97314453125,-0.156005859375,0.27490234375,0,4
6750,134,1.02880859375,-0.156005859375,0.2666015625,0,4
6799,135,0.9697265625,-0.09521484375,0.26708984375,0,4
6859,136,0.97314453125,-0.153564453125,0.264892578125,0,4
6903,137,1.03125,-0.156005859375,0.26904296875,0,4
6956,138,0.9697265625,-0.0947265625,0.26513671875,0,4
6995,139,0.969482421875,-0.15380859375,0.26953125,0,4
7046,140,1.031005859375,-0.096435546875,0.268798828125,0,4
7094,141,0.970947265625,-0.094970703125,0.27001953125,0,4
7148,142,0.970947265625,-0.15185546875,0.27099609375,0,4
7190,143,0.969482421875,-0.15478515625,0.27001953125,0,4
7240,144,0.969482421875,-0.0947265625,0.271484375,0,4
7286,145,1.03076171875,-0.155029296875,0.265380859375,0,4
7336,146,0.970458984375,-0.093994140625,0.27001953125,0,4
7384,147,1.03076171875,-0.09423828125,0.262451171875,0,4
7432,148,0.969970703125,-0.156005859375,0.2734375,0,4
7484,149,0.9697265625,-0.151123046875,0.272216796875,0,4
7531,150,0.97021484375,-0.093994140625,0.27734375,0,4
7579,151,1.031005859375,-0.094482421875,0.2666015625,0,4
7629,152,1.031005859375,-0.09423828125,0.2744140625,0,4
7675,153,1.030517578125,-0.095458984375,0.259521484375,0,4
7725,154,0.969970703125,-0.154296875,0.268798828125,0,4
7786,155,0.972412109375,-0.094970703125,0.26904296875,0,4
7824,156,0.96923828125,-0.152587890625,0.26953125,0,4
7872,157,1.03076171875,-0.152099609375,0.266845703125,0,4
7922,158,1.0302734375,-0.1552734375,0.272705078125,0,4
7969,159,0.97119140625,-0.15185546875,0.269775390625,0,4
8022,160,0.9912109375,-0.141357421875,0.26953125,0,4
8070,161,0.984619140625,-0.153076171875,0.2216796875,0,4
8119,162,1.083251953125,-0.133056640625,0.10009765625,0,4
8167,163,0.983154296875,-0.208984375,0.171875,0,4
8231,164,0.993896484375,0.021240234375,0.251220703125,0,4
8275,165,1.07177734375,-0.0830078125,0.0810546875,0,4
8311,166,1.081787109375,0.0546875,0.085205078125,0,4
8411,167,1.003173828125,0.032470703125,-0.01611328125,0,4
8458,168,0.874267578125,-0.01318359375,-0.033203125,0,4
8507,169,0.896240234375,0.04150390625,-0.083740234375,0,4
8574,170,0.84375,0.010986328125,0.031982421875,0,4
8624,171,1.213623046875,-0.320556640625,0.115966796875,0,4
8655,172,1.35791015625,-0.23388671875,-0.353271484375,0,4
8703,173,0.729736328125,0.120849609375,-0.2041015625,0,4
8754,174,1.167236328125,-0.28271484375,-0.043212890625,0,4
8799,175,0.868896484375,0.516845703125,-0.2353515625,0,4
8859,176,0.9951171875,0.34130859375,-0.2763671875,0,4
8897,177,1.007080078125,0.17041015625,-0.30517578125,0,4
9043,178,0.87109375,0.2666015625,-0.441650390625,0,4
9046,179,0.87109375,0.2666015625,-0.441650390625,0,4
9051,180,0.87109375,0.2666015625,-0.441650390625,0,4
9090,181,0.952880859375,0.278076171875,-0.39453125,0,4
9140,182,0.95947265625,0.216796875,-0.366943359375,0,4
9188,183,0.859619140625,0.199462890625,-0.398681640625,0,4
9336,184,0.86669921875,0.157470703125,-0.293701171875,0,4
9341,185,0.86669921875,0.157470703125,-0.293701171875,0,4
9344,186,0.86669921875,0.157470703125,-0.293701171875,0,4
9382,187,0.86376953125,0.05517578125,-0.31298828125,0,4
9431,188,0.960693359375,0.15625,-0.255859375,0,4
9483,189,0.9541015625,0.174072265625,-0.241943359375,0,4
9536,190,1.019775390625,0.130615234375,-0.26806640625,0,4
9577,191,1.0224609375,0.1640625,-0.273681640625,0,4
9628,192,1.0234375,0.10888671875,-0.275390625,0,4
9674,193,1.006591796875,0.059326171875,-0.167236328125,0,4
9724,194,1.008544921875,0.129638671875,-0.121826171875,0,4
9824,195,0.986328125,-0.080322265625,-0.26416015625,0,4
9827,196,0.986328125,-0.080322265625,-0.26416015625,0,4
9877,197,1.0390625,0.078857421875,-0.110107421875,0,4
9920,198,1.092529296875,0.1826171875,0.13330078125,0,4
9967,199,1.036376953125,0.042724609375,-0.00439453125,0,4
10017,200,0.805908203125,-0.24853515625,0.032470703125,0,4
10066,201,0.91357421875,-0.0947265625,0.076904296875,0,4
10124,202,1.14208984375,-0.175048828125,-0.14111328125,0,4
10168,203,1.078369140625,-0.0595703125,-0.56982421875,0,4
10216,204,0.93798828125,0.081298828125,-0.441162109375,0,4
10263,205,0.9833984375,0.177490234375,-0.003662109375,0,4
10358,206,1.13037109375,-0.12841796875,0.07373046875,0,4
10409,207,0.970947265625,-0.14697265625,0.007080078125,0,4
10456,208,0.994873046875,-0.04638671875,-0.00146484375,0,4
10505,209,0.9892578125,-0.05029296875,0.006103515625,0,4
10553,210,0.980712890625,-0.05712890625,0.0234375,0,4
10603,211,0.9853515625,-0.032958984375,-0.004638671875,0,4
10650,212,0.986083984375,-0.137939453125,-0.01171875,0,4
10699,213,1.082275390625,-0.13525390625,-0.005859375,0,4
10752,214,0.971923828125,-0.0498046875,0.093505859375,0,4
10805,215,1.066650390625,-0.14306640625,0.132568359375,0,4
10847,216,1.083740234375,-0.213134765625,0.2021484375,0,4
10894,217,0.991943359375,-0.148193359375,0.0400390625,0,4
10943,218,1.026123046875,-0.103759765625,0.153076171875,0,4
10992,219,0.969482421875,-0.15380859375,0.14990234375,0,4
11042,220,0.992431640625,-0.1005859375,0.13916015625,0,4
11089,221,0.9921875,-0.1435546875,0.144287109375,0,4
11140,222,0.9931640625,-0.15283203125,0.132080078125,0,4
11186,223,0.984130859375,-0.14501953125,0.052001953125,0,4
11235,224,0.99560546875,-0.154052734375,0.099853515625,0,4
11284,225,0.9873046875,-0.09912109375,0.15185546875,0,4
11344,226,0.982666015625,-0.104248046875,0.103271484375,0,4
11382,227,0.975341796875,-0.111572265625,0.116943359375,0,4
11438,228,0.971435546875,-0.1123046875,0.202880859375,0,4
11479,229,0.977294921875,-0.116455078125,0.203857421875,0,4
11527,230,0.97998046875,-0.12060546875,0.19384765625,0,4
11577,231,0.976318359375,-0.107177734375,0.192626953125,0,4
11625,232,0.98876953125,-0.106689453125,0.189208984375,0,4
11674,233,0.985107421875,-0.11328125,0.12109375,0,4
11724,234,0.979736328125,-0.10693359375,0.1142578125,0,4
11772,235,0.9775390625,-0.105712890625,0.113037109375,0,4
11827,236,0.997802734375,-0.1171875,0.15234375,0,4
11882,237,0.98291015625,-0.10888671875,0.101318359375,0,4
11919,238,0.974853515625,-0.1064453125,0.12255859375,0,4
11968,239,0.975341796875,-0.10693359375,0.12109375,0,4
12016,240,0.98974609375,-0.10986328125,0.110107421875,0,4
12071,241,0.987060546875,-0.108154296875,0.18994140625,0,4
12114,242,0.977783203125,-0.12255859375,0.198486328125,0,4
12165,243,0.98291015625,-0.1123046875,0.119873046875,0,4
12211,244,0.974609375,-0.101806640625,0.195068359375,0,4
12314,245,0.978515625,-0.1083984375,0.20263671875,0,4
12357,246,0.989013671875,-0.09814453125,0.198974609375,0,4
12407,247,0.98095703125,-0.1044921875,0.121337890625,0,4
12461,248,0.9873046875,-0.144775390625,0.117431640625,0,4
12503,249,0.986083984375,-0.1015625,0.104248046875,0,4
12607,250,0.97998046875,-0.146484375,0.200439453125,0,4
12622,251,0.97998046875,-0.146484375,0.200439453125,0,4
12663,252,0.977294921875,-0.10498046875,0.19580078125,0,4
12715,253,0.97412109375,-0.10986328125,0.198486328125,0,4
12763,254,0.982177734375,-0.10693359375,0.202880859375,0,4
12813,255,0.98291015625,-0.117431640625,0.121337890625,0,4
12862,256,1.031005859375,-0.103759765625,0.2001953125,0,4
12907,257,0.985107421875,-0.10888671875,0.196044921875,0,4
12955,258,0.974609375,-0.108642578125,0.19873046875,0,4
13009,259,0.975341796875,-0.1220703125,0.120361328125,0,4
13055,260,0.979248046875,-0.105712890625,0.115234375,0,4
13106,261,0.983154296875,-0.118408203125,0.156005859375,0,4
13155,262,0.98583984375,-0.11083984375,0.106689453125,0,4
13201,263,0.982421875,-0.1123046875,0.097900390625,0,4
13249,264,0.9794921875,-0.111083984375,0.154052734375,0,4
13298,265,0.9814453125,-0.11474609375,0.109619140625,0,4
13346,266,0.98095703125,-0.12109375,0.155517578125,0,4
13393,267,0.9814453125,-0.119140625,0.09521484375,0,4
13448,268,0.983154296875,-0.115478515625,0.1552734375,0,4
13493,269,0.983642578125,-0.119140625,0.1533203125,0,4
13543,270,0.980224609375,-0.1201171875,0.151123046875,0,4
13590,271,0.97802734375,-0.1171875,0.153564453125,0,4
13643,272,0.980224609375,-0.1162109375,0.09423828125,0,4
13690,273,0.981201171875,-0.114501953125,0.15576171875,0,4
13735,274,0.984375,-0.109130859375,0.154541015625,0,4
13783,275,0.97802734375,-0.114013671875,0.14794921875,0,4
13836,276,0.9755859375,-0.1162109375,0.094482421875,0,4
13886,277,0.98046875,-0.19091796875,0.10595703125,0,4
13931,278,0.978515625,-0.116943359375,0.0947265625,0,4
13983,279,0.97802734375,-0.119873046875,0.094482421875,0,4
14033,280,0.97998046875,-0.1171875,0.103759765625,0,4
14078,281,0.982421875,-0.1201171875,0.103271484375,0,4
14126,282,0.98046875,-0.122314453125,0.09716796875,0,4
14174,283,0.9775390625,-0.123291015625,0.10009765625,0,4
14274,284,0.973388671875,-0.12060546875,0.105712890625,0,4
14321,285,0.98193359375,-0.115478515625,0.09716796875,0,4
14370,286,0.982421875,-0.11328125,0.096435546875,0,4
14420,287,0.97900390625,-0.114501953125,0.105712890625,0,4
14469,288,0.98095703125,-0.108154296875,0.14990234375,0,4
14516,289,0.985595703125,-0.11376953125,0.15185546875,0,4
14567,290,0.982177734375,-0.09521484375,0.147216796875,0,4
14617,291,0.985595703125,-0.106201171875,0.128173828125,0,4
14667,292,0.98779296875,-0.104736328125,0.13427734375,0,4
14712,293,0.984130859375,-0.098388671875,0.137451171875,0,4
14763,294,0.984130859375,-0.107177734375,0.1279296875,0,4
14807,295,0.980224609375,-0.100341796875,0.137939453125,0,4
14860,296,0.986328125,-0.096923828125,0.062255859375,0,4
14909,297,0.99658203125,-0.095703125,0.1494140625,0,4
14954,298,0.98681640625,-0.156005859375,0.13037109375,0,4
119,1,0.2109375,-2.203125,0.640625,1,4
141,2,-0.9296875,0.03125,-0.9296875,1,4
156,3,-0.9296875,0.03125,-0.9296875,1,4
169,4,0.3515625,-2.5078125,0.609375,1,4
218,5,0.0625,-2.6953125,0.5703125,1,4
267,6,-2.046875,-2.0625,0.5625,1,4
316,7,-2.2109375,0.390625,-2.328125,1,4
364,8,-0.8984375,0.265625,0.03125,1,4
414,9,0.8828125,0.25,-2.3203125,1,4
463,10,0.9453125,-2.140625,0,1,4
563,11,-0.484375,0.2890625,0.6015625,1,4
609,12,-0.6875,0.5859375,0.1796875,1,4
657,13,-0.6796875,0.984375,0.09375,1,4
706,14,-0.5546875,-0.53125,-2.3125,1,4
754,15,0.4296875,-0.5390625,-2.09375,1,4
804,16,-0.828125,-0.828125,-2.3359375,1,4
852,17,0.4453125,-0.8828125,-2.3046875,1,4
901,18,0.7109375,0.9765625,-2.3359375,1,4
950,19,0.5,0.546875,-2.15625,1,4
998,20,-0.90625,0.7578125,-2.3125,1,4
1047,21,-0.921875,0.71875,0.0703125,1,4
1096,22,0.78125,0.859375,0.1484375,1,4
1144,23,0.3203125,0.7421875,-2.3125,1,4
1193,24,0.6171875,-0.7890625,-2.421875,1,4
1242,25,0.921875,2.15625,-2.84375,1,4
1291,26,-2.59375,2.4375,-1.359375,1,4
1339,27,-2.2109375,2.9609375,-4.0390625,1,4
1388,28,0.6328125,2.171875,-4.375,1,4
1437,29,-4.59375,-2.7421875,-4.1953125,1,4
1486,30,4.2109375,-5.296875,0.7890625,1,4
1536,31,-1.015625,-10.0703125,1.0234375,1,4
1590,32,-5.828125,-9.5625,1.984375,1,4
1649,33,7.1953125,-10.8046875,1.6484375,1,4
1681,34,30.046875,-13.828125,8.75,1,4
1729,35,14.03125,-24.328125,14.515625,1,4
1778,36,7.0078125,-25.125,17.3515625,1,4
1827,37,2.125,-26.5078125,21.6640625,1,4
1877,38,-14.15625,-19.8046875,19.234375,1,4
1924,39,30.34375,-5.9453125,9.1953125,1,4
1973,40,6.328125,-1.859375,10.921875,1,4
2023,41,-4.6484375,-10.296875,18.203125,1,4
2131,42,-7.1875,-17.5625,17.4375,1,4
2136,43,-7.1875,-17.5625,17.4375,1,4
2180,44,-3.5859375,-24.96875,20.8359375,1,4
2218,45,-6.140625,-28.7265625,16.2265625,1,4
2269,46,-27.203125,-39.578125,7.0625,1,4
2327,47,-26.296875,-35.6484375,3.4375,1,4
2378,48,-56.7578125,-40.28125,14.625,1,4
2474,49,-62.7265625,-27.84375,6.4375,1,4
2510,50,-5.1796875,1.3359375,11.890625,1,4
2662,51,-18.1015625,3.546875,7.9609375,1,4
2669,52,-18.1015625,3.546875,7.9609375,1,4
2677,53,-18.1015625,3.546875,7.9609375,1,4
2723,54,-4.765625,18.875,8.9375,1,4
2754,55,-9.8828125,16.8828125,5.15625,1,4
2853,56,1.859375,11.78125,-16.453125,1,4
2856,57,1.859375,11.78125,-16.453125,1,4
2899,58,3.7265625,18.046875,-17.6015625,1,4
2949,59,22.4609375,15.4140625,-20.6328125,1,4
2997,60,38.109375,24,-17.6171875,1,4
3045,61,22.609375,18.9296875,-20.7734375,1,4
3095,62,-9.8125,10.6640625,-9.5234375,1,4
3551,63,5.828125,0.1484375,-4.7421875,1,4
3557,64,5.828125,0.1484375,-4.7421875,1,4
3563,65,5.828125,0.1484375,-4.7421875,1,4
3570,66,5.828125,0.1484375,-4.7421875,1,4
3589,67,-40.1015625,36.2890625,-48.7578125,1,4
3594,68,-40.1015625,36.2890625,-48.7578125,1,4
3598,69,-40.1015625,36.2890625,-48.7578125,1,4
3602,70,-40.1015625,36.2890625,-48.7578125,1,4
3630,71,-52.390625,24.375,-28.53125,1,4
3634,72,-30.84375,24.9140625,-17.0859375,1,4
3638,73,-30.84375,24.9140625,-17.0859375,1,4
3679,74,-12.5234375,23.890625,-10.703125,1,4
3729,75,-9.453125,22.3671875,-5.359375,1,4
3779,76,2.875,14.0625,-1.4296875,1,4
3826,77,4.390625,1.96875,1.296875,1,4
3884,78,-1.453125,1.3203125,-0.7109375,1,4
3924,79,-4.0625,4.140625,-0.359375,1,4
3977,80,-1.171875,1.25,2.359375,1,4
4022,81,-3.1328125,-1.0546875,1.1875,1,4
4084,82,-0.5234375,-0.734375,4.25,1,4
4118,83,0.3046875,0.4296875,4.3984375,1,4
4168,84,-2.5,-2.0625,3.078125,1,4
4222,85,-6.046875,0.1328125,4.2578125,1,4
4267,86,-1.296875,-0.53125,1.3984375,1,4
4313,87,0.7578125,0.984375,-0.015625,1,4
4363,88,1.375,-2.1875,-0.84375,1,4
4460,89,2.2421875,-1.65625,0.1328125,1,4
4509,90,0.2890625,-4.4453125,-2.265625,1,4
4557,91,-1.796875,-4.1875,-2.5234375,1,4
4606,92,-2.09375,-2.7265625,-2.3828125,1,4
4657,93,0.515625,0.1953125,0.578125,1,4
4704,94,2.359375,0.71875,0.84375,1,4
4759,95,-0.0234375,0.703125,0.6875,1,4
4808,96,0.109375,0.28125,-2.3359375,1,4
4856,97,-2.03125,-2.2265625,-2.3984375,1,4
4903,98,0.6171875,-2.0859375,-2.1953125,1,4
4951,99,0.40625,0.125,-2.1171875,1,4
5004,100,2.09375,0.6484375,-2.4140625,1,4
5051,101,0.8671875,0.140625,0.1171875,1,4
5094,102,-2.1640625,0.5234375,0.6875,1,4
5144,103,-2.8828125,0.7734375,0.3203125,1,4
5191,104,0.71875,-0.78125,0.046875,1,4
5242,105,-0.53125,0.4765625,0.546875,1,4
5290,106,-0.890625,0.375,-2.0390625,1,4
5338,107,-2.09375,-2.2265625,-2.328125,1,4
5391,108,0.484375,-2.265625,-2.4375,1,4
5435,109,0.359375,-2.2890625,-2.140625,1,4
5484,110,0.828125,0.265625,-2.3515625,1,4
5533,111,0.3203125,0.515625,0.09375,1,4
5581,112,0.9609375,0.625,0.28125,1,4
5631,113,0.703125,0.09375,-2.1015625,1,4
5677,114,0.5234375,0.40625,0.5703125,1,4
5727,115,0.4140625,0.421875,0.25,1,4
5776,116,0.1328125,0.2421875,-2.15625,1,4
5824,117,0.53125,0.3828125,-2.34375,1,4
5874,118,0.625,0.015625,-2.40625,1,4
5923,119,-2.078125,0.34375,-2.0546875,1,4
5972,120,0.515625,0.234375,0.3515625,1,4
6020,121,0.453125,0.3828125,0.359375,1,4
6073,122,0.71875,0.2890625,0.0703125,1,4
6119,123,-0.953125,0.453125,0.09375,1,4
6171,124,0.3671875,0.7109375,-2.0078125,1,4
6214,125,0.8046875,0.4921875,0.0859375,1,4
6263,126,0.7734375,0.234375,0.0546875,1,4
6312,127,-0.7109375,0.3359375,0.40625,1,4
6410,128,0.3984375,0.578125,0.0625,1,4
6458,129,0.3125,0.53125,0.0078125,1,4
6508,130,0.625,0.625,0.3125,1,4
6556,131,0.8984375,0.6640625,0.2109375,1,4
6605,132,0.484375,0.3828125,-2.234375,1,4
6654,133,0.6328125,0.484375,-2.234375,1,4
6702,134,0.359375,0.109375,0.203125,1,4
6751,135,0.390625,0.328125,-2.125,1,4
6800,136,-0.5,0.40625,-2.0859375,1,4
6861,137,0.765625,0.3125,-2.15625,1,4
6905,138,-2.2890625,0.1640625,-2.2890625,1,4
6958,139,-0.7734375,0.3828125,-2.1328125,1,4
6996,140,0.8515625,0.1015625,-2.078125,1,4
7047,141,0.1484375,0.015625,0.1875,1,4
7095,142,-0.9453125,0.6171875,0.09375,1,4
7150,143,0.015625,0.2109375,-2.109375,1,4
7191,144,-0.828125,0.1484375,-2.2421875,1,4
7240,145,0.625,0.40625,-2.2265625,1,4
7287,146,-2.125,0.1484375,0.40625,1,4
7337,147,0.9296875,0.2109375,0.203125,1,4
7385,148,0.890625,0.40625,-2.15625,1,4
7433,149,-2.2890625,0.4765625,0.78125,1,4
7485,150,0.6953125,0.8671875,-2.1171875,1,4
7532,151,0.390625,0.171875,-2.3125,1,4
7580,152,-1,0.3359375,0.4140625,1,4
7630,153,0.578125,0.375,-2.09375,1,4
7676,154,-2.421875,0.3125,-2.109375,1,4
7725,155,0.4765625,0.4375,0.03125,1,4
7787,156,-0.828125,0.3984375,0.453125,1,4
7825,157,0.4375,0.71875,0.15625,1,4
7872,158,0.9375,0.7265625,0.28125,1,4
7922,159,0.4609375,0.609375,-2.125,1,4
7970,160,-0.8515625,0.65625,-2.34375,1,4
8023,161,2.234375,1.359375,-1.640625,1,4
8071,162,-0.1484375,5.5859375,-5.296875,1,4
8120,163,38.0625,11.828125,-4.28125,1,4
8169,164,3.3203125,-2.03125,-10.140625,1,4
8234,165,31.125,-0.1484375,1.96875,1,4
8276,166,6.7265625,-19.5703125,13.171875,1,4
8312,167,49.8671875,-54.2890625,25.765625,1,4
8412,168,33.5234375,-77.8125,37.171875,1,4
8460,169,79.5703125,-90.7734375,58.9375,1,4
8508,170,51.9453125,-85.6953125,65.640625,1,4
8576,171,51.6640625,-74.515625,77.6328125,1,4
8630,172,75.4140625,-35.1796875,63.3046875,1,4
8656,173,25.546875,-2.046875,12.3671875,1,4
8704,174,9.6640625,-33.203125,27.3359375,1,4
8755,175,-193.203125,-54.8046875,9.25,1,4
8801,176,58.609375,-45.6640625,28.3359375,1,4
8860,177,42.71875,-48.2421875,16.3828125,1,4
8898,178,-20.5546875,-36.921875,19.4921875,1,4
9044,179,-6.2421875,-5.9296875,-3.9375,1,4
9047,180,-6.2421875,-5.9296875,-3.9375,1,4
9051,181,-6.2421875,-5.9296875,-3.9375,1,4
9091,182,-14.765625,-8.21875,-7.9921875,1,4
9141,183,14.1953125,12.8515625,-14.1640625,1,4
9188,184,-0.6640625,17.9140625,-11.4296875,1,4
9338,185,-18.3515625,15.546875,8.9609375,1,4
9342,186,-18.3515625,15.546875,8.9609375,1,4
9345,187,-18.3515625,15.546875,8.9609375,1,4
9382,188,-55.453125,13.796875,4.4609375,1,4
9432,189,-33.7421875,17.5234375,9.0390625,1,4
9484,190,-26.4765625,18.9453125,-4.8046875,1,4
9537,191,9.90625,22.5703125,-10.640625,1,4
9579,192,-4.3203125,22.625,-13.8203125,1,4
9629,193,17.6640625,23.125,-23.796875,1,4
9675,194,28.265625,26.8125,-29.6875,1,4
9725,195,6.0625,14.1171875,-27.578125,1,4
9825,196,-26.0234375,2.3828125,-22.40625,1,4
9828,197,-26.0234375,2.3828125,-22.40625,1,4
9879,198,-92.921875,-14.09375,-24.0390625,1,4
9921,199,-7.1953125,6.4140625,-13.1796875,1,4
9968,200,3.6328125,0.6484375,6.984375,1,4
10017,201,-33.03125,16.96875,7.1015625,1,4
10067,202,-5.3828125,43.8828125,-12.9140625,1,4
10125,203,4.6640625,45.8515625,-28.265625,1,4
10169,204,-14.3359375,37.828125,-22.140625,1,4
10217,205,-49.421875,14.7421875,-15.5390625,1,4
10264,206,-1.546875,-7.3515625,5.5625,1,4
10360,207,-48.859375,7.0625,-7.8203125,1,4
10410,208,-9.8359375,12.6328125,-3.90625,1,4
10456,209,5.265625,7.171875,-2.171875,1,4
10506,210,8.3984375,7.5,-1.921875,1,4
10553,211,1.1328125,9.1484375,-2.8046875,1,4
10603,212,4.234375,12.3671875,-3.7421875,1,4
10651,213,12.5546875,14.2890625,-5.7734375,1,4
10700,214,7.921875,13.2890625,-5.84375,1,4
10754,215,6.8203125,14.375,-6.125,1,4
10807,216,23.7265625,18.2265625,-5.6875,1,4
10849,217,31.5078125,24.2109375,-10.28125,1,4
10894,218,17.5,16.0234375,-6.7265625,1,4
10944,219,9.4609375,7.1484375,-1.6015625,1,4
10993,220,0.125,2.046875,-0.8359375,1,4
11042,221,-5.9765625,-1.78125,2.3671875,1,4
11090,222,-12.390625,-4.8828125,2.2734375,1,4
11141,223,2.671875,1.40625,0.03125,1,4
11187,224,8.234375,8.140625,-4.1015625,1,4
11236,225,14.265625,11.8828125,-6.1875,1,4
11285,226,1.6953125,9.046875,-6.859375,1,4
11345,227,5.25,9.84375,-5.4375,1,4
11383,228,3.9921875,10.640625,-5.3203125,1,4
11440,229,1.6328125,3.265625,-4.6015625,1,4
11480,230,4.8046875,-0.703125,-2.1875,1,4
11528,231,6.9375,-2.375,-0.34375,1,4
11578,232,12.0859375,0.125,-0.109375,1,4
11626,233,12.796875,-2.6171875,2.40625,1,4
11675,234,12.6015625,-1.6796875,2.0390625,1,4
11725,235,7.6953125,-1.4140625,-0.015625,1,4
11773,236,5.5078125,-2.9375,2.6484375,1,4
11829,237,11.0390625,0.90625,2.4453125,1,4
11884,238,11.4375,2.734375,-0.8828125,1,4
11920,239,2.5,2.6328125,0.234375,1,4
11969,240,-0.6171875,1.921875,0.046875,1,4
12018,241,0.5859375,4.046875,-2.3125,1,4
12072,242,-0.3671875,1.0234375,-2.078125,1,4
12114,243,-6.625,2.4140625,0.015625,1,4
12166,244,-4.28125,-0.046875,0.7890625,1,4
12212,245,-10.578125,-0.6328125,-0.640625,1,4
12316,246,-10.2109375,-2.28125,2.453125,1,4
12358,247,-2.9375,-1.09375,2.7265625,1,4
12407,248,-6.7890625,-2.9921875,-0.078125,1,4
12463,249,-4.8125,0.171875,-0.59375,1,4
12504,250,-5.65625,-0.34375,-1.0078125,1,4
12608,251,-1.9453125,1.0703125,-4.84375,1,4
12623,252,-1.9453125,1.0703125,-4.84375,1,4
12663,253,-2.265625,2.203125,-4,1,4
12716,254,0.140625,0.515625,-4.578125,1,4
12764,255,-2.5078125,-2.1875,-4.53125,1,4
12813,256,-2.4765625,-2.890625,-4.9375,1,4
12863,257,-2.3515625,-1.53125,-4.53125,1,4
12908,258,2.578125,-4.390625,-1.6171875,1,4
12956,259,4.3046875,-3.6640625,-1.296875,1,4
13010,260,4.6484375,-5.4453125,0.65625,1,4
13056,261,-2.5625,-8.9375,2.015625,1,4
13107,262,0.984375,-6.7578125,0.859375,1,4
13155,263,2.3203125,-3.1015625,0.5859375,1,4
13202,264,4.6015625,-2.9375,-2.5625,1,4
13250,265,3.9453125,-2.2578125,0.015625,1,4
13299,266,2.7578125,-2.484375,-2.703125,1,4
13347,267,1.3515625,-2.6875,-2.3671875,1,4
13394,268,-0.0078125,-2.9765625,-2.0625,1,4
13449,269,1.0859375,-3,-2.4921875,1,4
13494,270,1.3125,-2.25,-2.4296875,1,4
13547,271,0.1484375,-2.34375,-2.578125,1,4
13591,272,-4.40625,-2.421875,-2.2578125,1,4
13643,273,0.5546875,0.0859375,-2.2578125,1,4
13691,274,-6.4375,-2.484375,-2.1484375,1,4
13735,275,-3.171875,0,-2.1875,1,4
13784,276,-0.765625,0.7578125,-2.4375,1,4
13837,277,-4.609375,-0.6796875,-1.0390625,1,4
13886,278,-6.53125,0.546875,-1.03125,1,4
13931,279,-4.890625,0.8203125,-1.25,1,4
13984,280,-6.203125,-0.875,-2.8984375,1,4
14034,281,-3.6015625,-0.765625,-2.9609375,1,4
14079,282,-8.1796875,0.2421875,-2.8046875,1,4
14127,283,-8.5625,-2.4140625,-2.421875,1,4
14175,284,-10.9375,-1.640625,-2.4375,1,4
14274,285,-7.9453125,-4.875,0.9765625,1,4
14322,286,-4.515625,-3.9375,-0.203125,1,4
14371,287,-5.875,-3.984375,2.6171875,1,4
14421,288,4.1171875,-2.953125,2.046875,1,4
14470,289,6.7890625,-4.015625,1.2734375,1,4
14517,290,-2.4921875,-6.078125,1.3515625,1,4
14569,291,-3.3828125,-4,2.9453125,1,4
14618,292,-9.703125,-5.78125,2.546875,1,4
14668,293,-8.1484375,-4.734375,0.90625,1,4
14713,294,-10.1953125,-4.453125,-0.953125,1,4
14764,295,-12.9140625,-6.0390625,0.8515625,1,4
14808,296,-5.3359375,-4.796875,-0.984375,1,4
14861,297,-6.1953125,-4.984375,-0.2890625,1,4
14910,298,2.8671875,0.890625,0.234375,1,4
14955,299,0.671875,-2.0234375,0.7109375,1,4
121,1,4.833333492279053,-10.5,89,2,4
142,2,3.666666746139526,-10.5,90.16666412353516,2,4
156,3,3.666666746139526,-10.5,90.16666412353516,2,4
169,4,3.333333253860474,-10.8333330154419,90.16666412353516,2,4
218,5,5.5,-11.8333330154419,90.66666412353516,2,4
268,6,2,-12,89.33333587646484,2,4
318,7,3.666666746139526,-10.5,87.83333587646484,2,4
365,8,3.333333253860474,-11.66666698455811,90.5,2,4
415,9,2.5,-10.16666698455811,91.33333587646484,2,4
464,10,2.5,-10.5,89,2,4
563,11,2.833333253860474,-10.8333330154419,89.33333587646484,2,4
611,12,3.333333253860474,-11.3333330154419,90.5,2,4
658,13,4.166666507720947,-11,88.83333587646484,2,4
707,14,3.333333253860474,-10.16666698455811,91.33333587646484,2,4
755,15,4,-10.8333330154419,89.33333587646484,2,4
805,16,3.666666746139526,-10.8333330154419,90.5,2,4
853,17,3.666666746139526,-10.8333330154419,89.33333587646484,2,4
902,18,3.333333253860474,-11.66666698455811,90.5,2,4
950,19,3.666666746139526,-12,88.66666412353516,2,4
999,20,4.5,-10.8333330154419,91.66666412353516,2,4
1049,21,4.166666507720947,-12.66666698455811,89.16666412353516,2,4
1096,22,3.833333253860474,-9.833333015441895,90,2,4
1145,23,3,-11.5,90.33333587646484,2,4
1194,24,5.5,-9.833333015441895,90.66666412353516,2,4
1242,25,4,-11.3333330154419,90.83333587646484,2,4
1291,26,3.333333253860474,-11.66666698455811,90.5,2,4
1340,27,3.833333253860474,-11,89.5,2,4
1389,28,4.166666507720947,-11.8333330154419,88.83333587646484,2,4
1438,29,3,-11.8333330154419,88.83333587646484,2,4
1487,30,2.333333253860474,-12.66666698455811,89.5,2,4
1538,31,3,-11.8333330154419,90.33333587646484,2,4
1591,32,3.833333253860474,-11.5,91.16666412353516,2,4
1649,33,2,-10.16666698455811,89.33333587646484,2,4
1682,34,3,-11.8333330154419,90.33333587646484,2,4
1729,35,4,-12.5,92,2,4
1779,36,5,-8.666666984558106,94.16666412353516,2,4
1828,37,3.5,-9.5,94.16666412353516,2,4
1878,38,3.333333253860474,-6.5,95.5,2,4
1925,39,4.5,-7,95.83333587646484,2,4
1974,40,3,-6.666666507720947,98,2,4
2024,41,2.333333253860474,-6,99.5,2,4
2132,42,2.666666746139526,-5.5,98.66666412353516,2,4
2138,43,2.666666746139526,-5.5,98.66666412353516,2,4
2182,44,1.333333373069763,-4.5,98.5,2,4
2219,45,-43,-1.833333373069763,101.1666641235352,2,4
2270,46,-44,-2.833333253860474,99.83333587646484,2,4
2331,47,0,-4,103,2,4
2380,48,-43.16666793823242,-0.8333333134651184,100.6666641235352,2,4
2475,49,-44.66666793823242,-2,99.83333587646484,2,4
2511,50,-45.66666793823242,44.83333206176758,99,2,4
2664,51,-45.33333206176758,-0.1666666716337204,100,2,4
2671,52,-45.33333206176758,-0.1666666716337204,100,2,4
2679,53,-45.33333206176758,-0.1666666716337204,100,2,4
2725,54,-46.5,-1,96.66666412353516,2,4
2755,55,-46.5,-1,96.66666412353516,2,4
2854,56,-49.5,-1.5,94.5,2,4
2857,57,-49.5,-1.5,94.5,2,4
2900,58,-46.83333206176758,-1.833333373069763,95.83333587646484,2,4
2950,59,-46.83333206176758,-1.833333373069763,95.16666412353516,2,4
2998,60,-45.66666793823242,-1.333333373069763,94.66666412353516,2,4
3046,61,0,-3.5,96,2,4
3096,62,0.5,-5,97.33333587646484,2,4
3552,63,2.5,-5.666666507720947,94.66666412353516,2,4
3558,64,2.5,-5.666666507720947,94.66666412353516,2,4
3565,65,2.5,-5.666666507720947,94.66666412353516,2,4
3571,66,2.5,-5.666666507720947,94.66666412353516,2,4
3591,67,2,-8.5,92,2,4
3595,68,2,-8.5,92,2,4
3599,69,2,-8.5,92,2,4
3604,70,2,-8.5,92,2,4
3631,71,0.5,-14.8333330154419,89.83333587646484,2,4
3635,72,0.8333333134651184,-17.66666603088379,87.83333587646484,2,4
3638,73,0.8333333134651184,-17.66666603088379,87.83333587646484,2,4
3680,74,-43.16666793823242,-19.33333396911621,42.33333206176758,2,4
3730,75,-44.16666793823242,-19.66666603088379,41.83333206176758,2,4
3780,76,-44.66666793823242,-19.83333396911621,42,2,4
3827,77,-44.33333206176758,20.83333396911621,42,2,4
3886,78,-44,-20.5,42,2,4
3925,79,-44.66666793823242,20.83333396911621,39.66666793823242,2,4
3979,80,-43.66666793823242,21.16666603088379,41.83333206176758,2,4
4024,81,-46.66666793823242,-20.16666603088379,85.33333587646484,2,4
4085,82,-44.33333206176758,-19.83333396911621,40,2,4
4119,83,-45.16666793823242,-19.83333396911621,40.5,2,4
4169,84,-45.33333206176758,-20.83333396911621,41.33333206176758,2,4
4223,85,-46.16666793823242,21.16666603088379,41.83333206176758,2,4
4267,86,-45.33333206176758,19.83333396911621,40.16666793823242,2,4
4314,87,-45.33333206176758,20.33333396911621,39.83333206176758,2,4
4364,88,-45.83333206176758,-21,39.66666793823242,2,4
4461,89,-45.33333206176758,-20,42.16666793823242,2,4
4509,90,-44.33333206176758,-21.33333396911621,38.5,2,4
4558,91,-44.83333206176758,-20,39.83333206176758,2,4
4608,92,-46.66666793823242,-21.33333396911621,39.66666793823242,2,4
4658,93,-45.16666793823242,-20.16666603088379,40,2,4
4704,94,-45.16666793823242,20.83333396911621,40.5,2,4
4761,95,-45.16666793823242,-19.33333396911621,39.33333206176758,2,4
4809,96,-44.66666793823242,-21,40.5,2,4
4858,97,-45.33333206176758,-20,39.83333206176758,2,4
4905,98,-44.5,-20,39.5,2,4
4952,99,-45.66666793823242,-20.33333396911621,38.66666793823242,2,4
5005,100,-44.5,-20,39.5,2,4
5052,101,-46.33333206176758,-20.16666603088379,41.5,2,4
5095,102,-44.16666793823242,-21.16666603088379,41.83333206176758,2,4
5145,103,-46.16666793823242,-20.83333396911621,39.5,2,4
5191,104,-46.33333206176758,20.5,39.33333206176758,2,4
5243,105,-46.16666793823242,-21.16666603088379,40.66666793823242,2,4
5292,106,-45.16666793823242,-21.33333396911621,39.66666793823242,2,4
5339,107,-45.66666793823242,21.16666603088379,40.66666793823242,2,4
5393,108,-45.16666793823242,-20.5,40.5,2,4
5436,109,-45.66666793823242,21.16666603088379,41.33333206176758,2,4
5485,110,-44.83333206176758,-19.66666603088379,40.66666793823242,2,4
5533,111,-47.5,-21,40.83333206176758,2,4
5581,112,-46.33333206176758,-20.16666603088379,41.5,2,4
5632,113,-44.66666793823242,-20.16666603088379,40.5,2,4
5678,114,-46.16666793823242,-20.83333396911621,39.83333206176758,2,4
5727,115,-44.66666793823242,-21.33333396911621,39.33333206176758,2,4
5777,116,-44.5,-20,41.33333206176758,2,4
5825,117,-45.5,20.83333396911621,39.66666793823242,2,4
5875,118,-45.5,-20.5,39.66666793823242,2,4
5924,119,-45.5,-19.33333396911621,39.33333206176758,2,4
5973,120,-46.33333206176758,-20.16666603088379,41.16666793823242,2,4
6021,121,-45.33333206176758,-20,41,2,4
6074,122,-46.5,-20,40.66666793823242,2,4
6120,123,-46.66666793823242,-20.16666603088379,40.83333206176758,2,4
6172,124,-46.66666793823242,-21.33333396911621,85.33333587646484,2,4
6215,125,-45.66666793823242,-20,39.5,2,4
6264,126,-46.16666793823242,-20.83333396911621,40.16666793823242,2,4
6313,127,-46.33333206176758,-20.16666603088379,40.5,2,4
6411,128,-47,-17.33333396911621,42.33333206176758,2,4
6459,129,-45.16666793823242,-20.16666603088379,38.83333206176758,2,4
6509,130,-46.5,-20.83333396911621,42.16666793823242,2,4
6556,131,-45.5,-19.83333396911621,40.5,2,4
6606,132,-44.5,-21.16666603088379,39.5,2,4
6655,133,-46.16666793823242,21.16666603088379,39.5,2,4
6703,134,-44.5,-20.33333396911621,40.66666793823242,2,4
6751,135,-44.16666793823242,-19.16666603088379,39.5,2,4
6801,136,-44.83333206176758,21.16666603088379,41.33333206176758,2,4
6862,137,-44.83333206176758,-19.16666603088379,39.83333206176758,2,4
6906,138,-45.83333206176758,-21.33333396911621,39.66666793823242,2,4
6960,139,-46.16666793823242,-20.83333396911621,42.16666793823242,2,4
6997,140,-46.66666793823242,-21,40.5,2,4
7049,141,-45.66666793823242,-19.66666603088379,40.16666793823242,2,4
7096,142,-44.66666793823242,-20.16666603088379,40.83333206176758,2,4
7151,143,-46.16666793823242,-20,39.83333206176758,2,4
7192,144,-43.66666793823242,-20.83333396911621,38.66666793823242,2,4
7241,145,-46.5,-20.83333396911621,39.83333206176758,2,4
7287,146,-45.66666793823242,-20.83333396911621,41,2,4
7338,147,-46.33333206176758,-19.83333396911621,41.5,2,4
7386,148,-44.16666793823242,-21.16666603088379,40.66666793823242,2,4
7434,149,-44.5,-21.16666603088379,39.83333206176758,2,4
7487,150,-45.5,-20.16666603088379,40,2,4
7533,151,-44.66666793823242,-18.16666603088379,41.16666793823242,2,4
7580,152,-45.83333206176758,-20.5,40.5,2,4
7630,153,-44.66666793823242,-21,40,2,4
7677,154,-45.66666793823242,-19.16666603088379,40.66666793823242,2,4
7726,155,-44.16666793823242,-19.16666603088379,39.16666793823242,2,4
7789,156,-46.16666793823242,-19.16666603088379,41,2,4
7826,157,-45.83333206176758,-21,39.66666793823242,2,4
7873,158,-45.16666793823242,-20.16666603088379,40.5,2,4
7923,159,-44.83333206176758,-21.16666603088379,39.5,2,4
7971,160,-47.83333206176758,-20.16666603088379,40.5,2,4
8023,161,-45.33333206176758,-20,41,2,4
8072,162,-45.16666793823242,-20.16666603088379,39.66666793823242,2,4
8122,163,-43.66666793823242,21.16666603088379,40.66666793823242,2,4
8170,164,-45.16666793823242,-19.33333396911621,86.16666412353516,2,4
8236,165,-43.66666793823242,20.66666603088379,87.16666412353516,2,4
8277,166,-43.16666793823242,-21,89.16666412353516,2,4
8313,167,0.6666666865348816,-19,88.83333587646484,2,4
8413,168,1.333333373069763,-17.16666603088379,91.66666412353516,2,4
8461,169,1.333333373069763,-16.83333396911621,94,2,4
8511,170,3.833333253860474,-10.66666698455811,100.3333358764648,2,4
8579,171,7,-6.333333492279053,103,2,4
8631,172,3.5,-1.5,65.16666412353516,2,4
8657,173,2.5,44.83333206176758,67.33333587646484,2,4
8705,174,4.5,45.16666793823242,69.66666412353516,2,4
8756,175,1.166666626930237,46.16666793823242,71,2,4
8803,176,-44.16666793823242,48,66.16666412353516,2,4
8861,177,-45.83333206176758,49,106.3333358764648,2,4
8899,178,-44,49.33333206176758,70.5,2,4
9045,179,-48.83333206176758,52,70.33333587646484,2,4
9048,180,-48.83333206176758,52,70.33333587646484,2,4
9052,181,-48.83333206176758,52,70.33333587646484,2,4
9091,182,-46.5,51.5,70,2,4
9141,183,-49,50.16666793823242,70.5,2,4
9190,184,-47,49.83333206176758,71.33333587646484,2,4
9339,185,-48.5,52,106.1666641235352,2,4
9343,186,-48.5,52,106.1666641235352,2,4
9346,187,-48.5,52,106.1666641235352,2,4
9383,188,-49.16666793823242,48.33333206176758,105,2,4
9433,189,-49.16666793823242,49.66666793823242,102,2,4
9486,190,-51.83333206176758,50.66666793823242,98,2,4
9538,191,-52.83333206176758,50.83333206176758,97,2,4
9583,192,-51,48.66666793823242,96,2,4
9630,193,-50.5,49.16666793823242,94.33333587646484,2,4
9675,194,-49,47,95.66666412353516,2,4
9726,195,-47.5,47,95.66666412353516,2,4
9826,196,-45.16666793823242,46.16666793823242,96.83333587646484,2,4
9829,197,-45.16666793823242,46.16666793823242,96.83333587646484,2,4
9881,198,-45.33333206176758,44.83333206176758,96.66666412353516,2,4
9922,199,-46.33333206176758,43.83333206176758,93.33333587646484,2,4
9969,200,-47,45.5,89.16666412353516,2,4
10018,201,-47,42.66666793823242,94.5,2,4
10068,202,-48.83333206176758,43.33333206176758,89.83333587646484,2,4
10127,203,-48.83333206176758,-0.1666666716337204,86.66666412353516,2,4
10170,204,-46.83333206176758,-3,91.33333587646484,2,4
10218,205,-50,-4.5,88.16666412353516,2,4
10265,206,-47.83333206176758,-6.666666507720947,41.5,2,4
10361,207,-49.5,-6.666666507720947,40,2,4
10411,208,-48.66666793823242,-9.5,40.83333206176758,2,4
10457,209,-49,-6,37,2,4
10506,210,-49.5,-6.666666507720947,38.83333206176758,2,4
10554,211,-48.5,-8.833333015441895,36.33333206176758,2,4
10604,212,-49.66666793823242,-7.666666507720947,37.5,2,4
10652,213,-50,-8.833333015441895,38.33333206176758,2,4
10700,214,-48.66666793823242,-9.166666984558106,37.66666793823242,2,4
10755,215,-48.33333206176758,-10.3333330154419,38.83333206176758,2,4
10809,216,-47.66666793823242,-10.16666698455811,37.16666793823242,2,4
10850,217,-48.66666793823242,-10.66666698455811,38.16666793823242,2,4
10895,218,-45.33333206176758,-12.8333330154419,39.5,2,4
10945,219,0.1666666716337204,-11.3333330154419,86,2,4
10994,220,-44.16666793823242,-11.66666698455811,42.16666793823242,2,4
11043,221,-44,-12.3333330154419,42,2,4
11091,222,-43.5,-12.3333330154419,42,2,4
11142,223,-44,-11.5,40,2,4
11188,224,-44.33333206176758,-11,41.5,2,4
11237,225,-45.16666793823242,-11.8333330154419,40,2,4
11285,226,0.3333333432674408,-11.5,40.5,2,4
11346,227,0,-12.66666698455811,85.83333587646484,2,4
11384,228,-45.16666793823242,-13.8333330154419,41.5,2,4
11441,229,-44.66666793823242,-13.8333330154419,39.66666793823242,2,4
11481,230,-44.16666793823242,-12.5,42.16666793823242,2,4
11529,231,1.333333373069763,-13.66666698455811,41.83333206176758,2,4
11579,232,-43.16666793823242,-15.5,87.33333587646484,2,4
11626,233,1.5,-13.5,88,2,4
11676,234,-43.5,-13.8333330154419,87.33333587646484,2,4
11726,235,2.5,-12.8333330154419,89,2,4
11774,236,2.5,-15.16666698455811,89.83333587646484,2,4
11830,237,3,-14.16666698455811,87.66666412353516,2,4
11885,238,2.333333253860474,-14.66666698455811,90.33333587646484,2,4
11921,239,4,-13.66666698455811,91.66666412353516,2,4
11970,240,3.833333253860474,-13.8333330154419,91.5,2,4
12019,241,3.5,-13.5,91.16666412353516,2,4
12074,242,3.5,-13.8333330154419,90,2,4
12115,243,3.333333253860474,-12.8333330154419,91.33333587646484,2,4
12167,244,3,-15.5,91.16666412353516,2,4
12213,245,3.833333253860474,-14.66666698455811,89.16666412353516,2,4
12317,246,4,-14.8333330154419,89.33333587646484,2,4
12359,247,2.5,-12.8333330154419,88.16666412353516,2,4
12409,248,1.333333373069763,-12.8333330154419,88.66666412353516,2,4
12464,249,0.6666666865348816,-14.16666698455811,88,2,4
12505,250,0.8333333134651184,-12.5,88.66666412353516,2,4
12609,251,3.666666746139526,-13.66666698455811,87.83333587646484,2,4
12624,252,3.666666746139526,-13.66666698455811,87.83333587646484,2,4
12664,253,0.6666666865348816,-14.16666698455811,88,2,4
12716,254,2.333333253860474,-15.5,87.66666412353516,2,4
12765,255,1.166666626930237,-13,87.66666412353516,2,4
12814,256,2.333333253860474,-14.16666698455811,86.5,2,4
12864,257,1.833333373069763,-13.5,86.16666412353516,2,4
12909,258,1.5,-12.3333330154419,85.83333587646484,2,4
12956,259,1.166666626930237,-13,86.16666412353516,2,4
13011,260,2.5,-14,87.16666412353516,2,4
13056,261,3.5,-13.5,88.5,2,4
13108,262,2,-12.8333330154419,87.83333587646484,2,4
13156,263,0.8333333134651184,-13.66666698455811,88.16666412353516,2,4
13203,264,2.5,-13.66666698455811,88.66666412353516,2,4
13251,265,1.833333373069763,-13.5,88.83333587646484,2,4
13299,266,1.833333373069763,-12.66666698455811,87.33333587646484,2,4
13348,267,2.333333253860474,-13.8333330154419,89.16666412353516,2,4
13395,268,2.5,-14.5,90.16666412353516,2,4
13450,269,2.333333253860474,-12.66666698455811,90,2,4
13495,270,3.5,-13,90,2,4
13548,271,3.833333253860474,-13.5,92.16666412353516,2,4
13592,272,1.5,-11.8333330154419,90.66666412353516,2,4
13644,273,1.833333373069763,-13.5,89.5,2,4
13691,274,1.333333373069763,-13.3333330154419,89,2,4
13736,275,2,-12,89.83333587646484,2,4
13785,276,1.833333373069763,-13.8333330154419,89.16666412353516,2,4
13838,277,1.333333373069763,-12.8333330154419,90.16666412353516,2,4
13887,278,2.5,-13.66666698455811,87.83333587646484,2,4
13932,279,1.166666626930237,-14.16666698455811,89.16666412353516,2,4
13985,280,3.333333253860474,-13.3333330154419,88.66666412353516,2,4
14035,281,1.333333373069763,-11.66666698455811,86.33333587646484,2,4
14080,282,0.8333333134651184,-14,90.5,2,4
14128,283,1.166666626930237,-14.16666698455811,90.66666412353516,2,4
14176,284,0.5,-14,87.5,2,4
14275,285,1.5,-12.3333330154419,89.5,2,4
14323,286,0.3333333432674408,-13.8333330154419,86.16666412353516,2,4
14371,287,0.1666666716337204,-13.3333330154419,86.66666412353516,2,4
14422,288,0.1666666716337204,-14.8333330154419,42.5,2,4
14471,289,-43.33333206176758,-13.3333330154419,86.33333587646484,2,4
14518,290,0.6666666865348816,-11.5,85.83333587646484,2,4
14569,291,-43.5,-11.5,86.5,2,4
14619,292,-43.16666793823242,-13,86.83333587646484,2,4
14669,293,-43.16666793823242,-12.3333330154419,86.16666412353516,2,4
14714,294,-43.33333206176758,-11.66666698455811,42.5,2,4
14765,295,-43.16666793823242,-11.5,85.33333587646484,2,4
14809,296,-45.16666793823242,-12.3333330154419,40.83333206176758,2,4
14861,297,-44.16666793823242,-12.5,41,2,4
14911,298,-43.33333206176758,-11.3333330154419,41,2,4
14955,299,-45.16666793823242,-10.66666698455811,41.5,2,4
